time_s,time_us,time_steady,num_ch,svid_0,flags_0,quality_0,cno_0,svid_1,flags_1,quality_1,cno_1,svid_2,flags_2,quality_2,cno_2,svid_3,flags_3,quality_3,cno_3,seq,srcSystem,srcComponent,time_gregorian,time_s_from_launch,mins_from_launch,log_timestamp,log_timestamp_gregorian,time_steady_from_launch,mins_steady_from_launch,baro_altitude
1656909112,368000,2457186,16,32,16,5,31,31,4,4,27,22,4,4,26,25,4,4,23,11,11,0,2022-07-04T07:31:52,-253,-4.210533333333333,1656909126.143504,2022-07-04T07:32:06,-253787,-4.229783333333334,96.85844305162851
1656909128,392000,2473209,16,2,4,4,30,3,4,4,33,12,13,4,30,11,4,4,27,210,11,0,2022-07-04T07:32:08,-237,-3.9434666666666667,1656909136.913312,2022-07-04T07:32:16,-237764,-3.9627333333333334,97.14140245317797
1656909152,335000,2497152,15,12,12,4,29,3,4,4,28,31,4,4,25,25,4,4,21,128,11,0,2022-07-04T07:32:32,-213,-3.5444166666666663,1656909161.674325,2022-07-04T07:32:41,-213821,-3.563683333333333,97.28375935132546
1656909163,340000,2508157,15,2,4,4,26,3,4,4,25,12,12,4,25,11,4,4,27,177,11,0,2022-07-04T07:32:43,-202,-3.3609999999999998,1656909171.6480958,2022-07-04T07:32:51,-202816,-3.3802666666666665,96.97127878917573
1656909177,342000,2522159,15,2,4,4,30,12,12,4,28,20,4,4,24,11,4,4,29,61,11,0,2022-07-04T07:32:57,-188,-3.1276333333333333,1656909185.8949249,2022-07-04T07:33:05,-188814,-3.1469,97.2483077599147
1656909200,373000,2545190,16,19,12,4,30,3,4,4,28,24,12,3,26,25,4,4,22,208,11,0,2022-07-04T07:33:20,-165,-2.7437833333333335,1656909209.232216,2022-07-04T07:33:29,-165783,-2.76305,96.7767540261065
1656909210,402000,2555219,16,19,13,4,26,3,4,4,27,6,4,4,23,25,4,4,20,237,11,0,2022-07-04T07:33:30,-155,-2.5766333333333336,1656909219.6013758,2022-07-04T07:33:39,-155754,-2.5959,96.63023007223154
1656909223,389000,2568206,16,19,13,4,26,3,4,4,26,20,4,3,22,24,13,4,22,88,11,0,2022-07-04T07:33:43,-142,-2.360183333333333,1656909230.7744079,2022-07-04T07:33:50,-142767,-2.37945,96.59381866455078
1656909235,457000,2580274,16,12,13,4,27,29,4,4,26,6,4,4,18,11,4,4,27,177,11,0,2022-07-04T07:33:55,-130,-2.15905,1656909244.398905,2022-07-04T07:34:04,-130699,-2.178316666666667,96.94910423077496
1656909243,342000,2588159,15,12,12,4,27,25,4,4,26,31,4,4,26,11,4,4,26,144,11,0,2022-07-04T07:34:03,-122,-2.027633333333333,1656909255.2001529,2022-07-04T07:34:15,-122814,-2.0469,97.56649450207433
1656909259,376000,2604193,16,12,13,4,29,22,4,4,28,31,4,4,28,32,13,4,27,91,11,0,2022-07-04T07:34:19,-106,-1.7604,1656909268.193745,2022-07-04T07:34:28,-106780,-1.7796666666666667,97.35207558605137
1656909271,346000,2616162,14,12,13,4,28,24,13,4,27,25,4,4,26,22,4,4,25,170,11,0,2022-07-04T07:34:31,-94,-1.5609,1656909279.6758199,2022-07-04T07:34:39,-94811,-1.5801833333333335,97.76136023962508
1656909293,380000,2638196,16,22,4,4,26,24,13,4,26,32,13,4,26,11,4,4,23,25,11,0,2022-07-04T07:34:53,-72,-1.1936666666666667,1656909302.7319279,2022-07-04T07:35:02,-72777,-1.21295,97.6854973951317
1656909305,397000,2650213,16,12,13,4,29,3,4,4,26,24,13,4,26,25,4,4,25,113,11,0,2022-07-04T07:35:05,-60,-0.9933833333333334,1656909313.361948,2022-07-04T07:35:13,-60760,-1.0126666666666666,98.01128761327112
1656909316,401000,2661217,16,12,13,4,29,3,4,4,27,24,13,4,27,25,4,4,27,172,11,0,2022-07-04T07:35:16,-49,-0.8099833333333333,1656909326.434908,2022-07-04T07:35:26,-49756,-0.8292666666666667,97.92605265595094
1656909329,386000,2674202,16,12,13,4,28,25,4,4,27,24,13,4,25,32,13,4,25,22,11,0,2022-07-04T07:35:29,-36,-0.5935666666666666,1656909336.51048,2022-07-04T07:35:36,-36771,-0.61285,98.51970944251856
1656909340,388000,2685204,16,12,13,4,29,25,4,4,28,32,13,4,26,29,4,4,25,80,11,0,2022-07-04T07:35:40,-25,-0.41019999999999995,1656909347.258029,2022-07-04T07:35:47,-25769,-0.42948333333333333,98.44244456203226
1656909352,397000,2697212,16,12,13,4,28,3,4,4,25,24,13,4,24,25,4,4,24,164,11,0,2022-07-04T07:35:52,-13,-0.21005,1656909360.790825,2022-07-04T07:36:00,-13761,-0.22935,98.23045014892219
1656909358,407000,2703222,16,12,13,4,29,25,4,4,28,22,4,4,25,24,13,4,25,80,11,0,2022-07-04T07:35:58,-7,-0.10988333333333333,1656909370.532445,2022-07-04T07:36:10,-7751,-0.12918333333333334,97.78580903418604
1656909368,387000,2713203,16,32,13,4,28,3,4,4,26,24,13,4,26,25,4,4,26,110,11,0,2022-07-04T07:36:08,3,0.05645,1656909384.144629,2022-07-04T07:36:24,2230,0.03716666666666667,110.36711630330271
1656909386,391000,2731206,16,12,13,4,29,25,4,4,27,31,4,4,25,11,4,4,27,103,11,0,2022-07-04T07:36:26,21,0.35651666666666665,1656909394.80524,2022-07-04T07:36:34,20233,0.33721666666666666,213.66400814536522
1656909398,370000,2743185,16,2,4,4,33,12,12,3,33,25,4,4,30,11,4,4,32,186,11,0,2022-07-04T07:36:38,33,0.5561666666666666,1656909405.3463879,2022-07-04T07:36:45,32212,0.5368666666666667,285.4993632487075
1656909410,398000,2755213,15,25,4,3,29,29,4,4,27,31,4,4,26,19,13,4,19,18,11,0,2022-07-04T07:36:50,45,0.7566333333333334,1656909418.772068,2022-07-04T07:36:58,44240,0.7373333333333334,365.30687706333816
1656909422,317000,2767132,14,31,4,4,30,20,4,4,29,25,13,4,29,22,4,4,27,104,11,0,2022-07-04T07:37:02,57,0.9552833333333334,1656909432.271324,2022-07-04T07:37:12,56159,0.9359833333333333,434.9455719701434
1656909437,370000,2782185,15,25,13,4,28,22,4,3,26,31,4,4,25,32,13,4,24,13,11,0,2022-07-04T07:37:17,72,1.2061666666666668,1656909446.251457,2022-07-04T07:37:26,71212,1.1868666666666667,526.3329802855004
1656909450,356000,2795171,15,25,13,4,32,29,4,4,30,120,16,3,29,11,4,4,23,125,11,0,2022-07-04T07:37:30,85,1.4225999999999999,1656909456.712357,2022-07-04T07:37:36,84198,1.4033,607.8039199192176
1656909462,392000,2807206,16,25,13,4,29,29,4,4,29,31,4,4,27,19,13,4,18,213,11,0,2022-07-04T07:37:42,97,1.6232,1656909470.618372,2022-07-04T07:37:50,96233,1.6038833333333333,686.9950286646812
1656909474,360000,2819175,16,32,13,4,30,25,13,4,27,29,4,4,25,31,4,4,25,44,11,0,2022-07-04T07:37:54,109,1.8226666666666667,1656909480.765256,2022-07-04T07:38:00,108202,1.8033666666666666,761.7611787975826
1656909485,377000,2830191,16,12,13,4,29,25,13,4,29,29,4,4,29,31,4,3,26,97,11,0,2022-07-04T07:38:05,120,2.006283333333333,1656909494.4668999,2022-07-04T07:38:14,119218,1.9869666666666668,825.6271317958323
1656909496,389000,2841204,17,12,13,4,27,22,4,4,24,6,4,4,24,24,13,4,21,152,11,0,2022-07-04T07:38:16,131,2.1898166666666667,1656909504.79724,2022-07-04T07:38:24,130231,2.1705166666666664,886.6154937204925
1656909505,348000,2850163,16,9,0,3,35,12,12,4,29,25,12,3,26,32,12,3,24,149,11,0,2022-07-04T07:38:25,140,2.3391333333333337,1656909514.6538,2022-07-04T07:38:34,139190,2.3198333333333334,940.0432946323917
1656909520,395000,2865209,17,28,16,3,31,25,13,4,29,29,4,4,28,8,0,3,30,67,11,0,2022-07-04T07:38:40,155,2.589916666666667,1656909528.5102038,2022-07-04T07:38:48,154236,2.5705999999999998,1032.962228488906
1656909531,357000,2876172,17,12,12,3,29,25,12,4,29,29,4,4,26,9,0,3,23,125,11,0,2022-07-04T07:38:51,166,2.7726166666666665,1656909539.10938,2022-07-04T07:38:59,165199,2.753316666666667,1095.4096749943321
1656909544,373000,2889188,17,28,16,3,30,31,4,4,26,6,4,4,25,8,0,3,29,231,11,0,2022-07-04T07:39:04,179,2.98955,1656909553.0903928,2022-07-04T07:39:13,178215,2.97025,1175.6210204543877
1656909556,389000,2901203,16,12,13,4,29,25,13,4,29,31,4,4,28,24,13,4,21,59,11,0,2022-07-04T07:39:16,191,3.1898166666666667,1656909563.713533,2022-07-04T07:39:23,190230,3.1704999999999997,1248.804171562272
1656909568,377000,2913191,16,124,16,3,31,20,4,4,26,6,4,4,28,11,4,3,28,146,11,0,2022-07-04T07:39:28,203,3.389616666666667,1656909574.5918598,2022-07-04T07:39:34,202218,3.3703,1314.293200756725
1656909579,394000,2924208,18,12,13,4,30,25,13,4,27,29,4,4,27,31,4,4,26,205,11,0,2022-07-04T07:39:39,214,3.5732333333333335,1656909588.419796,2022-07-04T07:39:48,213235,3.553916666666667,1391.4414643619316
1656909592,342000,2937156,16,25,12,4,33,29,4,4,32,6,4,3,25,32,12,3,25,55,11,0,2022-07-04T07:39:52,227,3.7890333333333337,1656909598.9135199,2022-07-04T07:39:58,226183,3.7697166666666666,1479.563322844785
1656909603,350000,2948163,16,2,4,4,29,25,12,4,29,32,12,3,26,11,4,4,28,113,11,0,2022-07-04T07:40:03,238,3.9724999999999997,1656909611.956369,2022-07-04T07:40:11,237190,3.9531666666666667,1523.8518923329823
1656909614,501000,2959314,15,12,13,4,29,25,13,4,26,6,4,4,25,11,4,4,26,171,11,0,2022-07-04T07:40:14,249,4.15835,1656909622.724552,2022-07-04T07:40:22,248341,4.139016666666667,1595.398751343997
1656909639,353000,2984166,15,12,13,4,29,25,13,4,26,32,13,4,26,11,4,4,25,110,11,0,2022-07-04T07:40:39,274,4.572550000000001,1656909646.767125,2022-07-04T07:40:46,273193,4.553216666666667,1743.425798575826
1656909651,326000,2996139,13,25,13,4,31,29,4,4,31,31,4,4,29,24,13,4,22,191,11,0,2022-07-04T07:40:51,286,4.7721,1656909657.347748,2022-07-04T07:40:57,285166,4.752766666666667,1817.6783177054242
1656909663,341000,3008154,14,29,4,4,27,25,13,4,26,31,4,4,26,32,13,4,20,19,11,0,2022-07-04T07:41:03,298,4.9723500000000005,1656909671.0993118,2022-07-04T07:41:11,297181,4.953016666666667,1893.9867168762692
1656909674,364000,3019177,16,32,13,4,31,29,4,4,29,6,4,4,25,31,4,4,24,78,11,0,2022-07-04T07:41:14,309,5.156066666666666,1656909681.6374369,2022-07-04T07:41:21,308204,5.136733333333334,1964.5668891787184
1656909686,358000,3031171,16,25,13,4,29,31,4,4,26,32,13,4,26,11,4,4,25,165,11,0,2022-07-04T07:41:26,321,5.355966666666666,1656909694.697929,2022-07-04T07:41:34,320198,5.336633333333333,2044.2832968806683
1656909710,368000,3055181,16,2,4,4,31,12,13,4,31,31,4,4,30,11,4,4,31,70,11,0,2022-07-04T07:41:50,345,5.7561333333333335,1656909716.639485,2022-07-04T07:41:56,344208,5.736800000000001,2199.5757225069137
1656909721,384000,3066197,16,25,13,4,31,29,4,4,27,31,4,4,24,32,13,4,21,129,11,0,2022-07-04T07:42:01,356,5.939733333333334,1656909730.1909518,2022-07-04T07:42:10,355224,5.9204,2269.2279685379467
1656909730,371000,3075183,16,12,13,4,28,25,13,4,26,6,4,4,28,11,4,3,25,130,11,0,2022-07-04T07:42:10,365,6.0895166666666665,1656909740.691592,2022-07-04T07:42:20,364210,6.070166666666666,2326.5711569853256
1656909745,344000,3090157,16,12,13,4,28,25,13,4,28,29,4,4,26,32,13,4,25,37,11,0,2022-07-04T07:42:25,380,6.339066666666667,1656909754.421484,2022-07-04T07:42:34,379184,6.319733333333334,2414.68234514591
1656909758,407000,3103219,16,12,13,4,32,32,13,4,31,6,4,4,31,11,4,4,32,153,11,0,2022-07-04T07:42:38,393,6.556783333333333,1656909765.152452,2022-07-04T07:42:45,392246,6.537433333333333,2492.9717028794817
1656909780,407000,3125219,16,25,13,4,30,31,4,4,28,20,4,4,24,32,13,4,22,10,11,0,2022-07-04T07:43:00,415,6.92345,1656909788.731444,2022-07-04T07:43:08,414246,6.9041,2621.0096088835417
1656909788,363000,3133175,16,2,4,4,30,12,13,4,29,25,13,4,28,11,4,4,29,235,11,0,2022-07-04T07:43:08,423,7.05605,1656909798.632997,2022-07-04T07:43:18,422202,7.0367,2667.1789637116217
1656909804,372000,3149184,16,2,4,4,32,32,13,4,31,25,13,4,27,11,4,4,30,173,11,0,2022-07-04T07:43:24,439,7.322866666666667,1656909812.595285,2022-07-04T07:43:32,438211,7.303516666666667,2763.6159978151386
1656909814,374000,3159186,16,2,4,4,28,12,13,4,28,6,4,4,28,11,4,4,27,199,11,0,2022-07-04T07:43:34,449,7.489566666666667,1656909822.9721038,2022-07-04T07:43:42,448213,7.470216666666667,2824.9058180143397
1656909827,376000,3172188,16,31,4,4,29,20,4,4,27,25,13,4,27,11,4,4,26,59,11,0,2022-07-04T07:43:47,462,7.706266666666666,1656909836.522137,2022-07-04T07:43:56,461215,7.686916666666666,2900.6197868456006
1656909837,371000,3182183,16,25,13,4,29,29,4,4,27,31,4,4,25,20,4,4,22,88,11,0,2022-07-04T07:43:57,472,7.87285,1656909847.102373,2022-07-04T07:44:07,471210,7.8534999999999995,2990.772305897911
1656909850,376000,3195187,16,31,4,4,31,19,13,4,25,6,4,4,25,11,4,4,24,195,11,0,2022-07-04T07:44:10,485,8.089599999999999,1656909857.9532359,2022-07-04T07:44:17,484214,8.070233333333332,3043.8398439293765
1656909862,397000,3207208,16,25,13,4,29,32,13,4,26,6,4,4,26,11,4,4,26,23,11,0,2022-07-04T07:44:22,497,8.28995,1656909871.714412,2022-07-04T07:44:31,496235,8.270583333333333,3105.5034771617866
1656909871,382000,3216194,16,29,4,4,28,31,4,4,27,6,4,4,21,24,13,4,20,24,11,0,2022-07-04T07:44:31,506,8.4397,1656909882.183956,2022-07-04T07:44:42,505221,8.420350000000001,3157.676370757784
1656909887,394000,3232205,16,25,13,4,29,29,4,4,26,6,4,4,23,20,4,4,21,226,11,0,2022-07-04T07:44:47,522,8.706566666666667,1656909894.906045,2022-07-04T07:44:54,521232,8.687199999999999,3256.941494312073
1656909898,366000,3243178,16,12,13,4,29,25,13,4,26,6,4,4,26,29,4,4,25,18,11,0,2022-07-04T07:44:58,533,8.889433333333333,1656909905.5835679,2022-07-04T07:45:05,532205,8.870083333333334,3326.2417036407396
1656909911,386000,3256197,16,2,4,4,27,12,13,4,27,25,13,4,27,11,4,4,27,130,11,0,2022-07-04T07:45:11,546,9.106433333333333,1656909919.3335478,2022-07-04T07:45:19,545224,9.087066666666667,3406.561599243497
1656909919,395000,3264207,16,12,13,4,28,25,13,4,27,6,4,4,26,11,4,4,25,103,11,0,2022-07-04T07:45:19,554,9.239916666666666,1656909929.6353478,2022-07-04T07:45:29,553234,9.220566666666667,3450.6791889579245
1656909929,387000,3274198,17,12,13,4,29,25,13,4,28,32,13,4,24,24,13,4,23,133,11,0,2022-07-04T07:45:29,564,9.40645,1656909938.863776,2022-07-04T07:45:38,563225,9.387083333333333,3508.709181946199
1656909943,369000,3288180,16,25,13,4,30,31,4,4,29,6,4,3,28,32,13,4,26,16,11,0,2022-07-04T07:45:43,578,9.639483333333335,1656909952.5563838,2022-07-04T07:45:52,577207,9.620116666666666,3591.1554182045243
1656909978,403000,3323215,16,25,13,4,29,29,4,4,27,31,4,4,25,11,4,4,22,242,11,0,2022-07-04T07:46:18,613,10.223383333333334,1656909987.2450478,2022-07-04T07:46:27,612242,10.204033333333333,3808.5507224142334
1656909991,372000,3336183,16,12,13,4,30,25,13,4,28,6,4,4,28,11,4,4,28,98,11,0,2022-07-04T07:46:31,626,10.439533333333333,1656909997.53564,2022-07-04T07:46:37,625210,10.420166666666667,3883.2863335231787
1656909999,398000,3344209,16,2,4,4,28,12,13,4,28,6,4,4,32,11,4,4,31,65,11,0,2022-07-04T07:46:39,634,10.5733,1656910010.805804,2022-07-04T07:46:50,633236,10.553933333333333,3929.0765823376464
1656910013,372000,3358183,16,2,4,4,29,12,13,4,29,6,4,4,27,11,4,4,29,205,11,0,2022-07-04T07:46:53,648,10.806199999999999,1656910021.444556,2022-07-04T07:47:01,647210,10.786833333333334,4012.524917926234
1656910019,390000,3364200,16,25,13,4,27,32,13,4,26,6,4,4,26,11,4,4,25,121,11,0,2022-07-04T07:46:59,654,10.9065,1656910031.854812,2022-07-04T07:47:11,653227,10.887116666666666,4048.532813498069
1656910045,400000,3390210,16,12,13,4,26,25,13,4,26,6,4,4,24,11,4,4,24,90,11,0,2022-07-04T07:47:25,680,11.34,1656910055.127177,2022-07-04T07:47:35,679237,11.320616666666666,4202.878851696705
1656910059,383000,3404193,16,12,13,4,28,25,13,4,28,29,4,4,27,11,4,4,22,231,11,0,2022-07-04T07:47:39,694,11.57305,1656910068.911448,2022-07-04T07:47:48,693220,11.553666666666667,4282.75071007331
1656910071,359000,3416169,16,12,13,4,26,25,13,4,25,24,13,4,23,29,4,4,23,58,11,0,2022-07-04T07:47:51,706,11.77265,1656910079.735544,2022-07-04T07:47:59,705196,11.753266666666667,4353.164951266127
1656910084,358000,3429168,16,12,13,4,30,25,13,4,27,29,4,4,27,11,4,4,28,174,11,0,2022-07-04T07:48:04,719,11.989299999999998,1656910090.4454958,2022-07-04T07:48:10,718195,11.969916666666668,4433.367867170183
1656910096,353000,3441164,16,12,13,4,27,25,13,4,27,6,4,4,25,11,4,4,26,254,11,0,2022-07-04T07:48:16,731,12.189216666666665,1656910104.315208,2022-07-04T07:48:24,730191,12.16985,4509.517166367007
1656910108,398000,3453209,16,2,4,4,32,12,13,4,31,6,4,4,28,11,4,4,31,83,11,0,2022-07-04T07:48:28,743,12.389966666666668,1656910115.0630999,2022-07-04T07:48:35,742236,12.3706,4586.939925704918
1656910120,383000,3465194,16,25,13,4,28,29,4,4,25,6,4,4,26,11,4,4,24,166,11,0,2022-07-04T07:48:40,755,12.589716666666668,1656910128.786845,2022-07-04T07:48:48,754221,12.57035,4660.626878915892
1656910129,368000,3474179,15,25,13,4,29,31,4,4,27,24,13,4,23,8,0,3,14,167,11,0,2022-07-04T07:48:49,764,12.739466666666667,1656910139.225652,2022-07-04T07:48:59,763206,12.7201,4739.51311885575
1656910143,386000,3488196,16,12,13,4,30,29,4,4,30,120,16,3,27,11,4,4,26,52,11,0,2022-07-04T07:49:03,778,12.973099999999999,1656910152.7765288,2022-07-04T07:49:12,777223,12.953716666666667,4787.4724171444095
1656910155,370000,3500181,16,12,13,4,27,31,4,4,27,6,4,4,26,32,13,4,25,133,11,0,2022-07-04T07:49:15,790,13.172833333333333,1656910162.6475,2022-07-04T07:49:22,789208,13.153466666666667,4864.293307179961
1656910167,393000,3512204,16,32,13,4,29,12,13,4,26,6,4,4,26,11,4,4,24,217,11,0,2022-07-04T07:49:27,802,13.373216666666668,1656910173.415412,2022-07-04T07:49:33,801231,13.35385,4938.007849510126
1656910176,376000,3521186,16,2,4,4,30,12,13,4,30,25,13,4,29,11,4,4,30,218,11,0,2022-07-04T07:49:36,811,13.522933333333333,1656910187.065984,2022-07-04T07:49:47,810213,13.503549999999999,4993.874725056515
1656910190,369000,3535179,16,12,12,3,32,25,13,4,29,6,4,4,31,11,4,4,27,105,11,0,2022-07-04T07:49:50,825,13.75615,1656910197.4849958,2022-07-04T07:49:57,824206,13.736766666666666,5082.162822571538
1656910214,402000,3559212,16,2,4,4,29,12,13,4,29,25,13,4,27,11,4,4,29,10,11,0,2022-07-04T07:50:14,849,14.1567,1656910221.866376,2022-07-04T07:50:21,848239,14.137316666666667,5232.708156982222
1656910225,382000,3570192,16,12,13,4,30,25,13,4,28,31,4,4,28,11,4,4,28,68,11,0,2022-07-04T07:50:25,860,14.339699999999999,1656910235.374384,2022-07-04T07:50:35,859219,14.320316666666667,5301.245740615832
1656910237,369000,3582179,16,12,13,4,28,25,13,4,26,32,13,4,26,11,4,4,25,155,11,0,2022-07-04T07:50:37,872,14.539483333333333,1656910245.593813,2022-07-04T07:50:45,871206,14.520100000000001,5412.568120785838
1656910250,385000,3595196,16,31,4,4,30,6,4,4,27,12,13,4,27,20,4,4,27,5,11,0,2022-07-04T07:50:50,885,14.756416666666667,1656910256.982208,2022-07-04T07:50:56,884223,14.73705,5477.484716847034
1656910262,364000,3607175,16,12,13,4,28,25,13,4,28,31,4,4,27,11,4,4,26,88,11,0,2022-07-04T07:51:02,897,14.956066666666667,1656910270.0835369,2022-07-04T07:51:10,896202,14.9367,5544.165243712187
1656910287,355000,3632165,16,2,4,4,28,6,4,4,29,11,4,4,28,12,12,4,28,35,11,0,2022-07-04T07:51:27,922,15.372583333333333,1656910294.473928,2022-07-04T07:51:34,921192,15.3532,5698.149679876068
1656910298,363000,3643174,16,12,12,4,28,31,4,4,28,22,4,4,26,29,4,4,24,86,11,0,2022-07-04T07:51:38,933,15.55605,1656910305.424664,2022-07-04T07:51:45,932201,15.536683333333334,5760.465226107213
1656910311,309000,3656119,14,2,4,4,28,20,4,3,28,11,4,4,28,12,12,4,28,195,11,0,2022-07-04T07:51:51,946,15.771816666666666,1656910319.112836,2022-07-04T07:51:59,945146,15.752433333333332,5832.677223935561
1656910321,352000,3666162,14,2,4,4,30,25,13,4,29,11,4,4,30,12,13,4,31,226,11,0,2022-07-04T07:52:01,956,15.9392,1656910329.3029249,2022-07-04T07:52:09,955189,15.919816666666666,5903.459343548846
1656910333,338000,3678148,14,29,4,4,29,6,4,4,31,11,4,4,27,12,12,4,27,57,11,0,2022-07-04T07:52:13,968,16.138966666666665,1656910339.972229,2022-07-04T07:52:19,967175,16.11958333333333,5983.069480148132
1656910344,302000,3689112,13,25,13,4,28,29,4,4,26,31,4,4,25,12,13,4,26,113,11,0,2022-07-04T07:52:24,979,16.3217,1656910352.792953,2022-07-04T07:52:32,978139,16.302316666666666,6051.94504917037
1656910354,348000,3699158,14,2,4,4,26,12,13,4,26,25,13,4,26,11,4,4,25,136,11,0,2022-07-04T07:52:34,989,16.48913333333333,1656910363.774173,2022-07-04T07:52:43,988185,16.469749999999998,6113.464229800576
1656910366,325000,3711135,13,25,13,4,30,29,4,4,29,31,4,4,26,12,13,4,23,219,11,0,2022-07-04T07:52:46,1001,16.688750000000002,1656910373.271749,2022-07-04T07:52:53,1000162,16.66936666666667,6185.657987361722
1656910379,384000,3724195,15,2,4,4,25,6,4,4,27,11,4,4,26,12,13,4,28,80,11,0,2022-07-04T07:52:59,1014,16.9064,1656910387.2010279,2022-07-04T07:53:07,1013222,16.88703333333333,6262.393724877036
1656910391,328000,3736138,14,25,13,4,30,29,4,4,29,32,12,4,29,19,13,4,26,166,11,0,2022-07-04T07:53:11,1026,17.105466666666665,1656910397.6764889,2022-07-04T07:53:17,1025165,17.08608333333333,6333.399719703437
1656910401,386000,3746197,16,2,4,4,29,6,4,3,30,12,13,4,29,11,4,4,29,189,11,0,2022-07-04T07:53:21,1036,17.2731,1656910411.101485,2022-07-04T07:53:31,1035224,17.253733333333333,6393.049486074406
1656910412,354000,3757164,16,25,13,4,29,29,4,4,29,31,4,4,24,32,12,4,21,246,11,0,2022-07-04T07:53:32,1047,17.4559,1656910421.512873,2022-07-04T07:53:41,1046191,17.436516666666666,6458.767901422162
1656910439,397000,3784207,16,25,13,4,31,29,4,4,26,31,4,4,25,11,4,4,22,247,11,0,2022-07-04T07:53:59,1074,17.906616666666665,1656910445.8801079,2022-07-04T07:54:05,1073234,17.88723333333333,6629.890922847056
1656910449,346000,3794157,16,2,4,4,29,6,4,4,30,12,13,4,29,11,4,4,28,13,11,0,2022-07-04T07:54:09,1084,18.072433333333333,1656910459.7199368,2022-07-04T07:54:19,1083184,18.053066666666666,6694.715140239733
1656910460,369000,3805180,16,25,13,4,26,6,4,4,25,29,4,3,25,19,13,4,23,69,11,0,2022-07-04T07:54:20,1095,18.256149999999998,1656910469.430888,2022-07-04T07:54:29,1094207,18.236783333333335,6761.53656839221
1656910473,371000,3818181,16,2,4,4,30,12,13,4,30,25,13,4,28,11,4,4,30,181,11,0,2022-07-04T07:54:33,1108,18.47285,1656910480.280544,2022-07-04T07:54:40,1107208,18.453466666666667,6840.178520277408
1656910484,336000,3829147,16,2,4,4,27,12,12,4,27,31,4,4,27,11,4,4,26,239,11,0,2022-07-04T07:54:44,1119,18.6556,1656910493.6506689,2022-07-04T07:54:53,1118174,18.636233333333333,6911.309358587395
1656910495,395000,3840206,16,12,13,4,28,6,4,4,26,24,13,4,25,25,13,4,24,41,11,0,2022-07-04T07:54:55,1130,18.839916666666667,1656910503.930745,2022-07-04T07:55:03,1129233,18.82055,6970.986750966315
1656910507,329000,3852139,16,25,12,4,30,29,4,4,29,31,4,4,25,12,12,4,26,119,11,0,2022-07-04T07:55:07,1142,19.038816666666666,1656910517.679533,2022-07-04T07:55:17,1141166,19.019433333333332,7043.247336531565
1656910519,295000,3864106,13,12,12,3,26,6,4,3,27,25,12,3,23,11,4,4,25,202,11,0,2022-07-04T07:55:19,1154,19.23825,1656910528.389833,2022-07-04T07:55:28,1153133,19.218883333333334,7114.241526935729
1656910531,286000,3876097,12,25,12,4,29,29,4,4,29,32,12,4,21,12,12,4,22,33,11,0,2022-07-04T07:55:31,1166,19.438100000000002,1656910538.970589,2022-07-04T07:55:38,1165124,19.418733333333332,7186.32564200231
1656910544,303000,3889114,12,2,4,4,28,25,12,4,27,11,4,4,29,12,12,4,29,149,11,0,2022-07-04T07:55:44,1179,19.655050000000003,1656910552.538513,2022-07-04T07:55:52,1178141,19.635683333333336,7261.234117152389
1656910556,336000,3901146,14,2,4,4,32,12,12,4,32,8,0,3,29,29,4,4,28,226,11,0,2022-07-04T07:55:56,1191,19.8556,1656910563.22158,2022-07-04T07:56:03,1190173,19.836216666666665,7336.938166768598
1656910580,293000,3925104,12,2,4,4,29,6,4,3,25,25,12,4,24,12,12,4,28,140,11,0,2022-07-04T07:56:20,1215,20.254883333333332,1656910587.1766999,2022-07-04T07:56:27,1214131,20.23551666666667,7509.890193461127
1656910592,321000,3937132,13,29,4,4,29,6,4,4,24,12,12,4,24,31,4,4,24,228,11,0,2022-07-04T07:56:32,1227,20.45535,1656910600.7813969,2022-07-04T07:56:40,1226159,20.435983333333336,7593.351449793473
1656910603,334000,3948145,13,25,12,4,27,29,4,4,24,22,4,4,23,11,4,4,23,25,11,0,2022-07-04T07:56:43,1238,20.6389,1656910610.919837,2022-07-04T07:56:50,1237172,20.619533333333333,7663.146712932182
1656910614,302000,3959113,13,2,4,4,30,12,12,4,30,25,12,4,28,11,4,4,29,79,11,0,2022-07-04T07:56:54,1249,20.8217,1656910621.107945,2022-07-04T07:57:01,1248140,20.802333333333333,7730.487807417861
1656910627,296000,3972106,13,12,12,4,28,25,12,4,27,29,4,4,25,31,4,4,25,191,11,0,2022-07-04T07:57:07,1262,21.03826666666667,1656910635.397497,2022-07-04T07:57:15,1261133,21.018883333333335,7807.874658543314
1656910639,334000,3984145,16,12,12,4,29,25,12,4,27,31,4,4,26,20,4,4,24,23,11,0,2022-07-04T07:57:19,1274,21.2389,1656910646.2080438,2022-07-04T07:57:26,1273172,21.219533333333334,7882.878585386844
1656910650,357000,3995168,16,25,12,4,29,32,12,4,26,31,4,4,25,11,4,3,13,79,11,0,2022-07-04T07:57:30,1285,21.422616666666666,1656910659.846624,2022-07-04T07:57:39,1284195,21.40325,7949.284018276428
1656910659,325000,4004136,14,25,12,3,27,12,12,3,26,6,4,4,26,31,4,4,25,72,11,0,2022-07-04T07:57:39,1294,21.572083333333335,1656910669.5866768,2022-07-04T07:57:49,1293163,21.552716666666665,8003.689767331226
1656910669,307000,4014118,13,12,12,4,32,25,12,4,27,31,4,4,26,11,4,4,27,98,11,0,2022-07-04T07:57:49,1304,21.73845,1656910680.447136,2022-07-04T07:58:00,1303145,21.719083333333334,8067.890407909117
1656910685,310000,4030121,14,32,12,2,29,31,4,4,27,6,4,4,26,11,4,4,24,44,11,0,2022-07-04T07:58:05,1320,22.005166666666664,1656910694.017081,2022-07-04T07:58:14,1319148,21.985799999999998,8184.215681274351
1656910695,358000,4040169,18,11,4,4,24,4,4,4,19,30,0,3,18,8,0,3,10,75,11,0,2022-07-04T07:58:15,1330,22.172633333333334,1656910704.7462409,2022-07-04T07:58:24,1329196,22.153266666666664,8249.010930198587
1656910733,315000,4078127,13,25,12,4,29,29,4,4,29,6,4,4,24,11,4,4,23,124,11,0,2022-07-04T07:58:53,1368,22.80525,1656910742.41986,2022-07-04T07:59:02,1367154,22.7859,8494.80454102068
1656910746,320000,4091132,15,25,12,4,28,29,4,4,27,31,4,4,23,11,4,3,21,240,11,0,2022-07-04T07:59:06,1381,23.022,1656910753.1061049,2022-07-04T07:59:13,1380159,23.002650000000003,8577.561117395298
1656910758,361000,4103173,16,2,4,4,29,12,12,4,29,25,12,4,28,11,4,4,29,67,11,0,2022-07-04T07:59:18,1393,23.222683333333336,1656910763.505293,2022-07-04T07:59:23,1392200,23.203333333333333,8664.213527867016
1656910769,327000,4114138,16,25,12,4,27,29,4,3,27,31,4,4,26,22,4,3,19,120,11,0,2022-07-04T07:59:29,1404,23.40545,1656910777.535641,2022-07-04T07:59:37,1403165,23.386083333333332,8736.2738935528
1656910803,332000,4148144,14,2,4,3,28,12,12,4,28,25,12,3,27,11,4,4,28,65,11,0,2022-07-04T08:00:03,1438,23.9722,1656910812.533861,2022-07-04T08:00:12,1437171,23.95285,8949.08243058049
1656910811,338000,4156151,16,12,12,4,28,29,4,3,25,32,12,4,25,8,0,3,22,31,11,0,2022-07-04T08:00:11,1446,24.105633333333333,1656910822.454412,2022-07-04T08:00:22,1445178,24.0863,8996.28989111527
1656910827,334000,4172146,14,12,12,4,27,25,12,3,26,29,4,4,25,11,4,4,24,225,11,0,2022-07-04T08:00:27,1462,24.372233333333334,1656910836.2693489,2022-07-04T08:00:36,1461173,24.352883333333335,9109.306960180566
1656910837,324000,4182136,15,31,4,4,27,28,16,3,26,20,4,4,22,11,4,4,25,255,11,0,2022-07-04T08:00:37,1472,24.538733333333333,1656910847.035168,2022-07-04T08:00:47,1471163,24.519383333333334,9177.456822054837
1656910851,332000,4196144,15,20,4,4,27,25,12,4,26,11,4,3,21,12,12,4,27,144,11,0,2022-07-04T08:00:51,1486,24.7722,1656910860.4341888,2022-07-04T08:01:00,1485171,24.752850000000002,9268.086484471083
1656910863,375000,4208187,17,25,12,4,27,24,12,4,20,6,4,1,0,11,4,4,18,226,11,0,2022-07-04T08:01:03,1498,24.972916666666666,1656910871.1136808,2022-07-04T08:01:11,1497214,24.953566666666667,9335.223154137664
1656910875,358000,4220170,17,12,12,4,27,25,12,4,26,32,12,4,23,11,4,4,25,53,11,0,2022-07-04T08:01:15,1510,25.172633333333334,1656910881.5239809,2022-07-04T08:01:21,1509197,25.15328333333333,9405.148182760504
1656910879,330000,4224143,16,2,4,4,28,12,12,4,28,6,4,4,29,11,4,4,27,163,11,0,2022-07-04T08:01:19,1514,25.238833333333332,1656910894.0829358,2022-07-04T08:01:34,1513170,25.2195,9428.579159456323
1656910897,335000,4242148,16,2,4,4,26,12,12,3,26,6,4,4,27,11,4,3,26,166,11,0,2022-07-04T08:01:37,1532,25.53891666666667,1656910904.5632808,2022-07-04T08:01:44,1531175,25.519583333333333,9563.069847380704
1656910909,366000,4254179,16,2,4,4,28,25,12,4,27,6,4,4,26,11,4,4,26,254,11,0,2022-07-04T08:01:49,1544,25.739433333333334,1656910918.502573,2022-07-04T08:01:58,1543206,25.7201,9653.88418585056
1656910921,313000,4266126,15,2,4,4,28,11,4,4,28,12,12,4,28,25,12,4,27,75,11,0,2022-07-04T08:02:01,1556,25.938550000000003,1656910929.481917,2022-07-04T08:02:09,1555153,25.919216666666667,9728.569850404429
1656910934,352000,4279165,15,25,12,4,29,32,12,4,29,6,4,4,26,11,4,4,26,188,11,0,2022-07-04T08:02:14,1569,26.155866666666668,1656910940.324,2022-07-04T08:02:20,1568192,26.136533333333333,9808.91428776902
1656910946,331000,4291145,14,2,4,4,28,12,12,4,28,25,12,4,26,11,4,4,27,19,11,0,2022-07-04T08:02:26,1581,26.355516666666666,1656910954.161505,2022-07-04T08:02:34,1580172,26.3362,9898.983466094627
1656910958,320000,4303133,15,11,4,4,31,12,12,4,30,32,12,4,29,25,12,4,28,106,11,0,2022-07-04T08:02:38,1593,26.555333333333333,1656910964.973996,2022-07-04T08:02:44,1592160,26.536,9992.01831401091
1656910970,306000,4315120,14,25,12,4,28,12,12,4,25,31,4,4,24,11,4,4,25,183,11,0,2022-07-04T08:02:50,1605,26.755100000000002,1656910978.991376,2022-07-04T08:02:58,1604147,26.735783333333334,10068.768289372598
1656910982,315000,4327129,14,25,12,4,32,29,4,4,27,31,4,4,26,32,12,4,22,11,11,0,2022-07-04T08:03:02,1617,26.95525,1656910989.6873,2022-07-04T08:03:09,1616156,26.93593333333333,10143.279380596347
1656911005,355000,4350169,18,25,12,4,27,29,4,4,25,31,4,4,25,32,12,4,21,158,11,0,2022-07-04T08:03:25,1640,27.33925,1656911013.5208318,2022-07-04T08:03:33,1639196,27.31993333333333,10316.778177346212
1656911017,379000,4362193,18,31,4,4,31,25,12,4,27,28,16,3,24,8,0,3,29,242,11,0,2022-07-04T08:03:37,1652,27.539649999999998,1656911024.0816798,2022-07-04T08:03:44,1651220,27.520333333333333,10406.032950815386
1656911030,338000,4375152,16,2,4,4,27,12,12,4,25,25,12,4,25,29,4,4,21,94,11,0,2022-07-04T08:03:50,1665,27.755633333333332,1656911037.64114,2022-07-04T08:03:57,1664179,27.736316666666667,10490.943765115835
1656911037,353000,4382167,16,25,12,4,27,20,4,4,25,29,4,4,20,11,4,1,0,35,11,0,2022-07-04T08:03:57,1672,27.87255,1656911047.701196,2022-07-04T08:04:07,1671194,27.853233333333332,10543.071094510531
1656911052,338000,4397153,16,12,12,4,28,25,12,4,28,29,4,4,22,11,4,3,21,208,11,0,2022-07-04T08:04:12,1687,28.1223,1656911061.448557,2022-07-04T08:04:21,1686180,28.103,10635.958937925556
1656911076,349000,4421164,16,12,12,4,28,25,12,4,28,29,4,4,26,11,4,4,26,117,11,0,2022-07-04T08:04:36,1711,28.522483333333334,1656911081.990201,2022-07-04T08:04:41,1710191,28.503183333333332,10762.376904400544
1656911089,353000,4434167,16,12,12,4,29,25,12,3,27,29,4,4,26,11,4,4,26,229,11,0,2022-07-04T08:04:49,1724,28.739216666666668,1656911095.948844,2022-07-04T08:04:55,1723194,28.7199,10840.159723196139
1656911096,351000,4441165,16,2,4,4,27,25,12,3,26,6,4,4,27,11,4,4,27,173,11,0,2022-07-04T08:04:56,1731,28.85585,1656911106.6486878,2022-07-04T08:05:06,1730192,28.836533333333332,10882.067701676144
1656911111,337000,4456152,15,25,12,4,28,31,4,4,27,6,4,4,25,11,4,4,23,90,11,0,2022-07-04T08:05:11,1746,29.105616666666666,1656911120.0398169,2022-07-04T08:05:20,1745179,29.08631666666667,10987.529877512316
1656911145,332000,4490147,14,25,12,4,28,29,4,4,25,31,4,4,25,8,0,1,0,25,11,0,2022-07-04T08:05:45,1780,29.6722,1656911154.5181198,2022-07-04T08:05:54,1779174,29.6529,11204.627794991176
1656911157,311000,4502127,14,29,4,4,30,31,4,4,28,12,12,4,26,20,4,4,21,112,11,0,2022-07-04T08:05:57,1792,29.87185,1656911165.078461,2022-07-04T08:06:05,1791154,29.852566666666668,11272.760144328273
1656911169,348000,4514163,15,12,12,4,28,31,4,4,26,32,12,4,25,11,4,4,25,200,11,0,2022-07-04T08:06:09,1804,30.072466666666667,1656911179.058456,2022-07-04T08:06:19,1803190,30.053166666666666,11335.669975237943
1656911181,333000,4526149,15,25,12,4,26,29,4,3,26,31,4,4,25,32,12,4,23,20,11,0,2022-07-04T08:06:21,1816,30.27221666666667,1656911189.750288,2022-07-04T08:06:29,1815176,30.25293333333333,11402.364676750229
1656911194,321000,4539137,15,25,12,4,28,31,4,4,26,19,12,4,24,12,12,4,23,132,11,0,2022-07-04T08:06:34,1829,30.48868333333333,1656911203.617864,2022-07-04T08:06:43,1828164,30.4694,11474.673832071565
1656911218,308000,4563124,13,12,12,3,30,25,12,4,30,29,4,4,26,31,4,4,26,50,11,0,2022-07-04T08:06:58,1853,30.888466666666666,1656911224.166741,2022-07-04T08:07:04,1852151,30.869183333333336,11611.566516910836
1656911229,313000,4574129,14,25,12,4,28,29,4,4,25,31,4,4,25,32,12,4,21,101,11,0,2022-07-04T08:07:09,1864,31.071883333333336,1656911238.166436,2022-07-04T08:07:18,1863156,31.052599999999998,11676.286304579338
1656911242,359000,4587176,14,25,12,4,30,12,12,4,27,29,4,3,23,11,4,4,26,216,11,0,2022-07-04T08:07:22,1877,31.289316666666664,1656911248.836164,2022-07-04T08:07:28,1876203,31.27005,11761.63668549275
1656911264,320000,4609137,14,2,4,4,26,12,12,4,26,25,12,4,26,11,4,4,25,73,11,0,2022-07-04T08:07:44,1899,31.65533333333333,1656911272.685917,2022-07-04T08:07:52,1898164,31.636066666666668,11900.608204762055
1656911276,301000,4621117,13,2,4,4,29,12,12,4,29,25,12,4,27,11,4,4,28,158,11,0,2022-07-04T08:07:56,1911,31.855016666666664,1656911283.3059049,2022-07-04T08:08:03,1910144,31.835733333333334,11975.951742771746
1656911312,350000,4657167,16,12,12,4,28,25,12,4,26,32,12,4,24,8,0,3,25,153,11,0,2022-07-04T08:08:32,1947,32.45583333333333,1656911322.6147768,2022-07-04T08:08:42,1946194,32.436566666666664,12189.856814633984
1656911325,357000,4670175,16,25,12,4,28,31,4,4,24,6,4,4,24,11,4,4,23,13,11,0,2022-07-04T08:08:45,1960,32.67261666666666,1656911333.265213,2022-07-04T08:08:53,1959202,32.65336666666666,12277.054748028972
1656911331,364000,4676181,16,25,12,4,28,31,4,4,26,32,12,4,21,8,0,3,19,179,11,0,2022-07-04T08:08:51,1966,32.772733333333335,1656911347.074293,2022-07-04T08:09:07,1965208,32.75346666666667,12311.709177897206
1656911350,311000,4695128,12,2,4,4,31,25,12,4,27,6,4,4,26,11,4,1,0,201,11,0,2022-07-04T08:09:10,1985,33.08851666666666,1656911357.016332,2022-07-04T08:09:17,1984155,33.06925,12411.604360968155
1656911362,333000,4707151,13,2,4,4,27,28,16,3,27,6,4,4,27,29,4,4,26,33,11,0,2022-07-04T08:09:22,1997,33.28888333333334,1656911371.3241599,2022-07-04T08:09:31,1996178,33.26963333333334,12498.365753394673
1656911373,346000,4718164,14,25,12,4,27,31,4,4,25,5,4,1,0,6,4,1,0,92,11,0,2022-07-04T08:09:33,2008,33.472433333333335,1656911381.454212,2022-07-04T08:09:41,2007191,33.453183333333335,12566.995523959788
1656911384,353000,4729171,15,30,0,3,33,25,12,4,29,28,16,3,29,29,4,4,27,146,11,0,2022-07-04T08:09:44,2019,33.655883333333335,1656911392.403705,2022-07-04T08:09:52,2018198,33.636633333333336,12631.91921331241
1656911397,359000,4742178,15,31,4,4,28,24,12,2,27,25,12,4,27,6,4,3,25,1,11,0,2022-07-04T08:09:57,2032,33.87265,1656911406.564908,2022-07-04T08:10:06,2031205,33.85341666666667,12704.612672073074
1656911405,356000,4750175,15,30,0,3,30,29,4,4,28,31,4,4,26,6,4,3,26,226,11,0,2022-07-04T08:10:05,2040,34.00593333333333,1656911417.2033439,2022-07-04T08:10:17,2039202,33.9867,12754.028629328277
1656911422,339000,4767157,15,25,12,4,28,4,4,3,26,31,4,4,26,6,4,4,25,200,11,0,2022-07-04T08:10:22,2057,34.288983333333334,1656911431.1032689,2022-07-04T08:10:31,2056184,34.269733333333335,12874.411040178436
1656911434,326000,4779144,15,25,12,4,27,31,4,4,26,5,4,3,22,20,4,4,22,27,11,0,2022-07-04T08:10:34,2069,34.48876666666667,1656911442.032857,2022-07-04T08:10:42,2068171,34.469516666666664,12947.321651411365
1656911447,333000,4792152,16,29,4,4,29,11,4,4,23,31,4,4,23,6,4,4,21,136,11,0,2022-07-04T08:10:47,2082,34.70555,1656911456.0348198,2022-07-04T08:10:56,2081179,34.68631666666667,13026.914903520355
1656911483,335000,4828154,16,25,12,4,27,29,4,4,27,31,4,3,24,22,4,3,19,136,11,0,2022-07-04T08:11:23,2118,35.30558333333333,1656911490.632525,2022-07-04T08:11:30,2117181,35.28635,13216.56740081899
1656911495,320000,4840139,14,31,4,4,30,22,4,4,26,29,4,4,25,6,4,1,0,214,11,0,2022-07-04T08:11:35,2130,35.50533333333333,1656911501.7145479,2022-07-04T08:11:41,2129166,35.4861,13275.36093564053
1656911508,363000,4853183,17,30,0,3,30,31,4,4,25,4,4,2,28,5,4,4,25,71,11,0,2022-07-04T08:11:48,2143,35.72271666666666,1656911515.761576,2022-07-04T08:11:55,2142210,35.7035,13344.655525893239
1656911518,315000,4863134,13,25,12,4,27,4,4,3,26,5,4,4,24,12,12,3,24,100,11,0,2022-07-04T08:11:58,2153,35.88858333333334,1656911526.744088,2022-07-04T08:12:06,2152161,35.869350000000004,13402.594797833082
1656911531,360000,4876180,16,11,4,4,29,12,12,3,27,25,12,4,26,6,4,3,28,216,11,0,2022-07-04T08:12:11,2166,36.106,1656911540.8413649,2022-07-04T08:12:20,2165207,36.08678333333333,13474.102170564305
1656911541,354000,4886174,16,21,4,3,28,24,12,3,28,25,12,4,26,4,4,3,26,236,11,0,2022-07-04T08:12:21,2176,36.27256666666666,1656911550.850744,2022-07-04T08:12:30,2175201,36.25335,13520.518275042974
1656911555,363000,4900183,17,31,4,4,31,32,12,3,28,30,0,3,27,6,4,4,24,121,11,0,2022-07-04T08:12:35,2190,36.506049999999995,1656911561.3905878,2022-07-04T08:12:41,2189210,36.48683333333334,13576.603032718753
1656911567,345000,4912165,15,25,12,4,30,29,4,4,27,31,4,4,26,6,4,4,23,208,11,0,2022-07-04T08:12:47,2202,36.705749999999995,1656911575.2905278,2022-07-04T08:12:55,2201192,36.68653333333334,13626.811193341602
1656911590,371000,4935191,16,11,4,3,30,12,12,4,29,25,12,4,28,6,4,4,23,91,11,0,2022-07-04T08:13:10,2225,37.08951666666667,1656911599.331944,2022-07-04T08:13:19,2224218,37.070299999999996,13733.742102604307
1656911602,334000,4947154,16,2,4,4,29,11,4,4,29,12,12,4,28,25,12,4,28,171,11,0,2022-07-04T08:13:22,2237,37.2889,1656911609.859509,2022-07-04T08:13:29,2236181,37.26968333333333,13792.104312571159
1656911609,321000,4954141,13,12,12,4,29,4,4,2,29,120,16,3,29,20,4,4,27,115,11,0,2022-07-04T08:13:29,2244,37.40535,1656911623.6794598,2022-07-04T08:13:43,2243168,37.38613333333333,13838.033882563164
1656911625,377000,4970198,16,25,12,4,28,4,4,3,26,5,4,3,26,29,4,4,26,62,11,0,2022-07-04T08:13:45,2260,37.67295,1656911633.5992968,2022-07-04T08:13:53,2259225,37.653749999999995,13952.525930699521
1656911637,366000,4982187,16,27,4,3,30,12,12,4,26,22,4,3,19,6,4,3,25,144,11,0,2022-07-04T08:13:57,2272,37.872766666666664,1656911644.459152,2022-07-04T08:14:04,2271214,37.853566666666666,14070.85050716466
1656911650,363000,4995184,15,25,12,4,27,6,4,4,19,11,4,4,18,5,4,0,0,255,11,0,2022-07-04T08:14:10,2285,38.08938333333333,1656911658.416533,2022-07-04T08:14:18,2284211,38.07018333333333,14113.508256789864
1656911672,396000,5017217,18,12,12,4,31,25,12,4,29,17,4,3,10,6,4,4,24,113,11,0,2022-07-04T08:14:32,2307,38.4566,1656911682.238653,2022-07-04T08:14:42,2306244,38.437400000000004,14209.908738696224
1656911685,341000,5030163,16,25,12,4,27,12,12,4,19,5,4,1,0,6,4,4,18,226,11,0,2022-07-04T08:14:45,2320,38.67235,1656911692.588969,2022-07-04T08:14:52,2319190,38.65316666666667,14265.073404765457
1656911706,491000,5052313,18,12,12,4,31,25,12,4,29,31,4,2,20,6,4,4,20,36,11,0,2022-07-04T08:15:06,2341,39.02485,1656911719.089416,2022-07-04T08:15:19,2341340,39.022333333333336,14372.136950347109
1656911718,801000,5064623,16,2,4,4,29,25,12,4,28,12,12,4,25,6,4,4,29,125,11,0,2022-07-04T08:15:18,2353,39.230016666666664,1656911729.8016238,2022-07-04T08:15:29,2353650,39.2275,14420.562865967737
1656911733,345000,5078167,16,25,12,4,28,2,4,4,24,29,4,3,22,5,4,1,0,0,11,0,2022-07-04T08:15:33,2368,39.47241666666666,1656911743.878113,2022-07-04T08:15:43,2367194,39.45323333333333,14489.809521862335
1656911746,316000,5091138,15,12,12,3,26,2,4,4,26,25,12,4,26,20,4,2,25,105,11,0,2022-07-04T08:15:46,2381,39.688599999999994,1656911754.66956,2022-07-04T08:15:54,2380165,39.66941666666666,14556.103931028452
1656911758,339000,5103161,16,12,12,4,32,25,12,4,28,5,4,4,26,29,4,3,26,189,11,0,2022-07-04T08:15:58,2393,39.888983333333336,1656911765.5896358,2022-07-04T08:16:05,2392188,39.869800000000005,14622.177043957132
1656911771,352000,5116174,16,31,4,4,29,20,4,3,26,25,12,4,26,6,4,4,24,49,11,0,2022-07-04T08:16:11,2406,40.105866666666664,1656911779.257185,2022-07-04T08:16:19,2405201,40.08668333333333,14694.43588208776
1656911796,358000,5141181,16,29,4,4,30,31,4,4,23,5,4,4,20,6,4,4,25,242,11,0,2022-07-04T08:16:36,2431,40.52263333333334,1656911803.8860009,2022-07-04T08:16:43,2430208,40.50346666666667,14828.724919181406
1656911803,346000,5148169,16,29,4,4,28,31,4,4,25,5,4,3,25,6,4,4,23,186,11,0,2022-07-04T08:16:43,2438,40.6391,1656911813.945885,2022-07-04T08:16:53,2437196,40.61993333333333,14864.966567944939
1656911819,342000,5164165,16,25,12,4,28,11,4,4,25,20,4,4,24,6,4,4,24,128,11,0,2022-07-04T08:16:59,2454,40.9057,1656911827.758049,2022-07-04T08:17:07,2453192,40.88653333333333,14950.722033249247
1656911829,363000,5174185,16,2,4,4,29,12,12,4,29,20,4,4,27,25,12,4,27,158,11,0,2022-07-04T08:17:09,2464,41.072716666666665,1656911838.285184,2022-07-04T08:17:18,2463212,41.053533333333334,15014.272767131592
1656911842,371000,5187194,17,25,12,4,29,31,4,4,28,29,4,4,25,19,12,3,8,12,11,0,2022-07-04T08:17:22,2477,41.28951666666667,1656911848.456229,2022-07-04T08:17:28,2476221,41.27035,15130.329853282605
1656911855,386000,5200209,17,12,12,4,29,29,4,4,28,31,4,4,26,6,4,0,0,124,11,0,2022-07-04T08:17:35,2490,41.506433333333334,1656911863.0363169,2022-07-04T08:17:43,2489236,41.48726666666666,15210.190927565622
1656911866,365000,5211188,17,2,4,4,29,11,4,4,29,25,12,4,28,29,4,4,24,178,11,0,2022-07-04T08:17:46,2501,41.689416666666666,1656911873.915057,2022-07-04T08:17:53,2500215,41.67025,15263.709885943495
1656911879,365000,5224188,16,31,4,4,29,11,4,4,25,20,4,3,25,6,4,4,24,38,11,0,2022-07-04T08:17:59,2514,41.90608333333333,1656911887.256096,2022-07-04T08:18:07,2513215,41.88691666666667,15325.237978012952
1656911890,327000,5235150,16,25,12,4,28,31,4,4,26,5,4,4,24,6,4,4,18,92,11,0,2022-07-04T08:18:10,2525,42.08878333333334,1656911897.864804,2022-07-04T08:18:17,2524177,42.06961666666667,15385.327247663354
1656911897,317000,5242141,14,11,4,4,28,2,4,4,28,12,12,3,28,25,12,4,28,29,11,0,2022-07-04T08:18:17,2532,42.205283333333334,1656911911.9093049,2022-07-04T08:18:31,2531168,42.18613333333334,15432.898423122588
1656911913,365000,5258189,16,31,4,4,29,22,4,3,26,20,4,4,25,29,4,4,25,228,11,0,2022-07-04T08:18:33,2548,42.47275,1656911922.4353008,2022-07-04T08:18:42,2547216,42.4536,15534.173289627772
1656911925,343000,5270167,16,25,12,4,29,29,4,4,29,31,4,4,29,6,4,4,25,59,11,0,2022-07-04T08:18:45,2560,42.67238333333333,1656911932.743825,2022-07-04T08:18:52,2559194,42.65323333333333,15607.59242233979
1656911950,344000,5295168,17,31,4,4,29,29,4,4,28,12,12,4,25,6,4,4,27,252,11,0,2022-07-04T08:19:10,2585,43.08906666666667,1656911957.283356,2022-07-04T08:19:17,2584195,43.06991666666667,15723.351959217416
1656911962,366000,5307190,16,29,4,4,29,31,4,4,27,5,4,4,22,6,4,4,24,80,11,0,2022-07-04T08:19:22,2597,43.289433333333335,1656911971.076432,2022-07-04T08:19:31,2596217,43.27028333333333,15780.026307650496
1656911974,363000,5319187,16,29,4,4,30,11,4,4,23,5,4,4,24,6,4,4,23,167,11,0,2022-07-04T08:19:34,2609,43.48938333333333,1656911981.803164,2022-07-04T08:19:41,2608214,43.47023333333333,15849.923270733465
1656911985,374000,5330198,16,12,12,4,31,25,12,4,29,29,4,4,27,31,4,4,24,226,11,0,2022-07-04T08:19:45,2620,43.6729,1656911991.9134839,2022-07-04T08:19:51,2619225,43.653749999999995,15905.911272013624
1656911997,364000,5342189,16,25,12,4,28,31,4,4,27,5,4,4,29,6,4,4,28,49,11,0,2022-07-04T08:19:57,2632,43.872733333333336,1656912005.9626038,2022-07-04T08:20:05,2631216,43.8536,15966.318664860604
1656912006,335000,5351159,16,31,4,4,29,11,4,4,24,12,12,4,23,6,4,4,24,48,11,0,2022-07-04T08:20:06,2641,44.02225,1656912016.732285,2022-07-04T08:20:16,2640186,44.0031,16007.211256775383
1656912021,363000,5366188,16,12,12,4,27,25,12,4,27,26,4,2,25,31,4,4,25,218,11,0,2022-07-04T08:20:21,2656,44.27271666666666,1656912030.0922759,2022-07-04T08:20:30,2655215,44.25358333333334,16074.054438492394
1656912029,368000,5374193,16,11,4,4,27,25,12,4,27,5,4,4,22,6,4,4,28,191,11,0,2022-07-04T08:20:29,2664,44.40613333333333,1656912040.5822918,2022-07-04T08:20:40,2663220,44.38699999999999,16110.388897297627
1656912055,338000,5400163,15,25,12,4,28,2,12,4,28,31,4,4,28,5,4,4,24,155,11,0,2022-07-04T08:20:55,2690,44.83896666666667,1656912065.233584,2022-07-04T08:21:05,2689190,44.819833333333335,16222.085896829636
1656912068,346000,5413171,16,12,12,4,31,25,12,3,31,29,4,4,24,6,4,4,22,11,11,0,2022-07-04T08:21:08,2703,45.05576666666666,1656912076.2218728,2022-07-04T08:21:16,2702198,45.036633333333334,16278.961526352381
1656912081,355000,5426180,16,25,12,3,27,12,12,4,26,5,4,4,26,6,4,4,22,127,11,0,2022-07-04T08:21:21,2716,45.27258333333334,1656912090.1516519,2022-07-04T08:21:30,2715207,45.25345,16339.157936093368
1656912093,353000,5438178,16,12,12,4,31,25,12,4,29,29,4,4,25,6,4,4,23,212,11,0,2022-07-04T08:21:33,2728,45.47255,1656912100.8118799,2022-07-04T08:21:40,2727205,45.45341666666666,16392.34655264574
1656912107,343000,5452169,16,11,4,4,30,2,12,4,27,3,4,3,26,4,4,3,25,92,11,0,2022-07-04T08:21:47,2742,45.70571666666667,1656912114.6105359,2022-07-04T08:21:54,2741196,45.6866,16460.13522612182
1656912117,336000,5462162,14,2,12,4,28,25,12,4,27,12,12,4,26,6,4,4,27,118,11,0,2022-07-04T08:21:57,2752,45.87226666666666,1656912125.2003639,2022-07-04T08:22:05,2751189,45.85315,16509.527346719522
1656912129,351000,5474177,16,2,12,4,30,25,12,4,28,20,4,4,23,6,4,4,28,205,11,0,2022-07-04T08:22:09,2764,46.072516666666665,1656912138.440389,2022-07-04T08:22:18,2763204,46.0534,16567.6300393233
1656912141,367000,5486193,16,12,12,4,30,25,12,4,29,29,4,3,27,28,16,3,21,33,11,0,2022-07-04T08:22:21,2776,46.27278333333334,1656912149.050168,2022-07-04T08:22:29,2775220,46.25366666666666,16627.35906961659
1656912153,363000,5498189,16,25,12,4,28,12,12,4,27,29,4,4,25,20,4,4,23,113,11,0,2022-07-04T08:22:33,2788,46.47271666666666,1656912159.651629,2022-07-04T08:22:39,2787216,46.4536,16687.26001148885
1656912163,340000,5508166,16,25,12,4,28,22,4,3,25,29,4,4,24,20,4,4,19,139,11,0,2022-07-04T08:22:43,2798,46.639,1656912173.340956,2022-07-04T08:22:53,2797193,46.619883333333334,16750.63824223395
1656912176,376000,5521202,16,25,12,4,28,31,4,3,27,20,4,4,20,6,4,4,21,0,11,0,2022-07-04T08:22:56,2811,46.85626666666667,1656912183.440125,2022-07-04T08:23:03,2810229,46.837149999999994,16863.505215363057
1656912188,353000,5533180,16,13,0,3,25,25,12,4,25,29,4,4,24,20,4,4,18,87,11,0,2022-07-04T08:23:08,2823,47.055883333333334,1656912197.449136,2022-07-04T08:23:17,2822207,47.03678333333333,16988.502548149358
1656912201,375000,5546202,17,25,12,4,31,20,4,4,27,22,4,3,25,29,4,4,23,194,11,0,2022-07-04T08:23:21,2836,47.27291666666667,1656912208.069177,2022-07-04T08:23:28,2835229,47.253816666666665,17099.71764557136
1656912224,359000,5569186,17,2,12,4,28,25,12,4,28,5,4,4,24,6,4,4,24,80,11,0,2022-07-04T08:23:44,2859,47.65598333333333,1656912232.449249,2022-07-04T08:23:52,2858213,47.63688333333334,17302.502152236695
1656912232,376000,5577203,16,25,12,4,27,29,4,4,24,31,4,4,24,20,4,4,21,53,11,0,2022-07-04T08:23:52,2867,47.7896,1656912242.479749,2022-07-04T08:24:02,2866230,47.7705,17369.173776841144
1656912247,370000,5592197,16,25,12,4,28,31,4,4,25,20,4,4,23,29,4,4,21,220,11,0,2022-07-04T08:24:07,2882,48.0395,1656912256.369972,2022-07-04T08:24:16,2881224,48.0204,17446.69098997103
1656912258,346000,5603173,15,12,12,4,31,20,4,4,27,25,12,4,27,29,4,4,24,17,11,0,2022-07-04T08:24:18,2893,48.222433333333335,1656912266.772024,2022-07-04T08:24:26,2892200,48.20333333333333,17500.291219598224
1656912270,371000,5615198,16,25,12,4,29,29,4,4,28,31,4,4,27,6,4,4,18,101,11,0,2022-07-04T08:24:30,2905,48.422850000000004,1656912280.432036,2022-07-04T08:24:40,2904225,48.403749999999995,17548.73874545815
1656912282,352000,5627179,16,31,4,4,30,11,4,4,24,20,4,4,24,22,4,4,24,188,11,0,2022-07-04T08:24:42,2917,48.62253333333333,1656912291.192173,2022-07-04T08:24:51,2916206,48.603433333333335,17603.76317234383
1656912301,335000,5646162,15,25,12,4,26,12,12,4,25,20,4,4,23,31,4,4,23,210,11,0,2022-07-04T08:25:01,2936,48.938916666666664,1656912314.7544289,2022-07-04T08:25:14,2935189,48.91981666666666,17687.355380211375
1656912330,336000,5675163,16,31,4,4,30,29,4,4,28,20,4,4,24,6,4,4,25,11,11,0,2022-07-04T08:25:30,2965,49.422266666666665,1656912342.4939718,2022-07-04T08:25:42,2964190,49.40316666666667,17813.225561588042
1656912344,354000,5689181,16,2,12,4,27,25,12,4,27,5,4,3,28,31,4,4,27,156,11,0,2022-07-04T08:25:44,2979,49.655899999999995,1656912353.185149,2022-07-04T08:25:53,2978208,49.6368,17877.200360530183
1656912355,370000,5700198,16,2,12,4,28,12,12,4,27,25,12,4,26,6,4,4,30,205,11,0,2022-07-04T08:25:55,2990,49.8395,1656912363.644353,2022-07-04T08:26:03,2989225,49.82041666666667,17926.949668060908
1656912368,358000,5713186,15,2,12,4,28,25,12,4,27,5,4,4,24,6,4,4,28,61,11,0,2022-07-04T08:26:08,3003,50.05596666666667,1656912376.8861248,2022-07-04T08:26:16,3002213,50.036883333333336,17986.330183822865
1656912379,352000,5724180,16,2,12,4,28,25,12,4,26,5,4,4,23,6,4,4,27,119,11,0,2022-07-04T08:26:19,3014,50.2392,1656912389.835413,2022-07-04T08:26:29,3013207,50.22011666666666,18042.30718400032
1656912393,359000,5738187,16,12,12,4,31,25,12,4,28,5,4,4,22,31,4,4,22,7,11,0,2022-07-04T08:26:33,3028,50.47265,1656912403.5456839,2022-07-04T08:26:43,3027214,50.45356666666667,18115.744409550272
1656912405,358000,5750186,16,12,12,4,29,25,12,4,26,5,4,4,24,31,4,4,22,84,11,0,2022-07-04T08:26:45,3040,50.67263333333334,1656912414.1959488,2022-07-04T08:26:54,3039213,50.65355,18177.868119664327
1656912418,345000,5763173,16,25,12,4,28,4,4,3,28,31,4,3,27,6,4,4,19,196,11,0,2022-07-04T08:26:58,3053,50.88908333333333,1656912424.716385,2022-07-04T08:27:04,3052200,50.87,18239.924625
1656912427,355000,5772183,16,25,12,4,29,29,4,3,28,5,4,4,21,6,4,4,19,198,11,0,2022-07-04T08:27:07,3062,51.03925,1656912438.189936,2022-07-04T08:27:18,3061210,51.02016666666667,18286.082522795834
1656912441,363000,5786192,16,25,12,4,28,31,4,3,28,5,4,4,21,6,4,4,18,87,11,0,2022-07-04T08:27:21,3076,51.27271666666666,1656912448.937273,2022-07-04T08:27:28,3075219,51.25365,18360.940425238372
1656912448,350000,5793179,15,31,4,4,28,4,4,4,23,29,4,4,22,20,4,4,18,29,11,0,2022-07-04T08:27:28,3083,51.38916666666667,1656912462.768512,2022-07-04T08:27:42,3082206,51.3701,18393.590828024786
1656912463,337000,5808165,16,25,12,4,27,31,4,4,26,5,4,4,20,20,4,4,20,194,11,0,2022-07-04T08:27:43,3098,51.63895,1656912472.757632,2022-07-04T08:27:52,3097192,51.61986666666667,18464.368167209803
1656912473,353000,5818182,16,25,12,4,27,31,4,4,26,5,4,4,20,6,4,1,0,221,11,0,2022-07-04T08:27:53,3108,51.805883333333334,1656912483.208624,2022-07-04T08:28:03,3107209,51.78681666666667,18511.600817035258
1656912488,336000,5833165,16,25,12,4,28,31,4,4,26,5,4,4,20,20,4,4,20,138,11,0,2022-07-04T08:28:08,3123,52.0556,1656912497.299636,2022-07-04T08:28:17,3122192,52.03653333333333,18576.821609126273
1656912501,375000,5846204,16,29,4,3,32,31,4,4,26,5,4,4,22,20,4,4,20,254,11,0,2022-07-04T08:28:21,3136,52.27291666666667,1656912507.8022199,2022-07-04T08:28:27,3135231,52.25385000000001,18637.37572901539
1656912513,361000,5858190,16,31,4,4,29,25,12,4,27,29,4,4,23,5,4,4,18,76,11,0,2022-07-04T08:28:33,3148,52.47268333333333,1656912521.5819168,2022-07-04T08:28:41,3147217,52.45361666666667,18692.06349810809
1656912521,365000,5866194,16,2,12,4,26,25,12,4,26,31,4,4,26,20,4,4,23,49,11,0,2022-07-04T08:28:41,3156,52.60608333333333,1656912532.3803048,2022-07-04T08:28:52,3155221,52.58701666666666,18730.24068467363
1656912536,349000,5881179,16,2,12,4,29,11,4,4,28,25,12,4,26,20,4,4,24,218,11,0,2022-07-04T08:28:56,3171,52.85581666666667,1656912546.050696,2022-07-04T08:29:06,3170206,52.83676666666667,18804.017867577448
1656912561,337000,5906167,16,20,4,4,30,25,12,4,29,29,4,4,25,31,4,4,21,155,11,0,2022-07-04T08:29:21,3196,53.272283333333334,1656912567.010061,2022-07-04T08:29:27,3195194,53.253233333333334,18920.089507390443
1656912571,358000,5916187,16,22,4,2,29,25,12,4,28,29,4,4,24,31,4,4,21,181,11,0,2022-07-04T08:29:31,3206,53.4393,1656912581.110813,2022-07-04T08:29:41,3205214,53.420233333333336,18968.104250369608
1656912579,344000,5924174,16,2,12,4,29,11,12,4,28,20,4,4,28,25,12,4,28,153,11,0,2022-07-04T08:29:39,3214,53.5724,1656912591.5002918,2022-07-04T08:29:51,3213201,53.55335,19006.4952657891
1656912596,334000,5941163,15,2,12,4,29,11,12,4,29,25,12,4,28,29,4,4,21,125,11,0,2022-07-04T08:29:56,3231,53.85556666666666,1656912605.4016528,2022-07-04T08:30:05,3230190,53.8365,19082.306277971955
1656912621,365000,5966195,16,31,4,4,30,25,13,4,27,29,4,4,26,6,4,3,25,60,11,0,2022-07-04T08:30:21,3256,54.272749999999995,1656912630.062108,2022-07-04T08:30:30,3255222,54.2537,19193.981202604064
1656912633,352000,5978182,15,31,4,4,28,11,13,4,25,25,13,4,25,6,4,4,23,147,11,0,2022-07-04T08:30:33,3268,54.47253333333333,1656912640.641389,2022-07-04T08:30:40,3267209,54.45348333333333,19257.619676222224
1656912644,322000,5989152,15,2,13,4,30,11,13,4,29,25,13,4,28,6,4,4,29,205,11,0,2022-07-04T08:30:44,3279,54.655366666666666,1656912654.5631368,2022-07-04T08:30:54,3278179,54.636316666666666,19319.677306368787
1656912656,334000,6001164,15,12,13,4,33,20,4,4,28,25,13,4,26,29,4,4,26,26,11,0,2022-07-04T08:30:56,3291,54.85556666666666,1656912665.2029278,2022-07-04T08:31:05,3290191,54.83651666666666,19362.431171342625
1656912669,351000,6014181,14,12,13,4,32,25,13,4,28,5,4,4,26,29,4,4,26,138,11,0,2022-07-04T08:31:09,3304,55.072516666666665,1656912675.792945,2022-07-04T08:31:15,3303208,55.053466666666665,19427.27232322211
1656912674,307000,6019137,14,12,13,4,30,25,13,4,27,5,4,4,26,31,4,4,24,24,11,0,2022-07-04T08:31:14,3309,55.155116666666665,1656912688.972812,2022-07-04T08:31:28,3308164,55.13606666666667,19451.39126322999
1656912692,332000,6037163,13,12,13,4,27,25,13,4,27,31,4,4,25,6,4,4,21,27,11,0,2022-07-04T08:31:32,3327,55.45553333333333,1656912699.503176,2022-07-04T08:31:39,3326190,55.4365,19541.820532143982
1656912704,334000,6049164,13,25,13,4,29,12,13,4,27,29,4,4,27,31,4,4,25,104,11,0,2022-07-04T08:31:44,3339,55.655566666666665,1656912709.304853,2022-07-04T08:31:49,3338191,55.636516666666665,19601.882594592214
1656912715,320000,6060151,12,11,13,4,29,25,13,4,28,29,4,4,22,6,4,4,22,158,11,0,2022-07-04T08:31:55,3350,55.83866666666667,1656912723.353544,2022-07-04T08:32:03,3349178,55.81963333333333,19656.35381843287
1656912727,329000,6072159,12,2,13,4,29,4,4,4,28,11,13,4,28,25,13,4,28,245,11,0,2022-07-04T08:32:07,3362,56.03881666666667,1656912733.9956598,2022-07-04T08:32:13,3361186,56.01976666666667,19717.75370903334
1656912739,319000,6084149,12,31,4,4,29,11,13,4,24,20,4,4,24,6,4,4,24,76,11,0,2022-07-04T08:32:19,3374,56.23865,1656912747.798061,2022-07-04T08:32:27,3373176,56.2196,19774.37776194395
1656912751,303000,6096133,13,29,4,4,31,124,16,3,28,5,4,4,20,6,4,4,19,153,11,0,2022-07-04T08:32:31,3386,56.438383333333334,1656912758.673537,2022-07-04T08:32:38,3385160,56.419333333333334,19829.023327880648
1656912763,300000,6108131,13,11,13,4,30,25,13,4,29,20,4,4,26,29,4,4,26,236,11,0,2022-07-04T08:32:43,3398,56.638333333333335,1656912772.2651238,2022-07-04T08:32:52,3397158,56.619299999999996,19886.787664663152
1656912773,307000,6118138,13,2,13,4,28,11,13,4,28,12,13,4,27,6,4,4,27,10,11,0,2022-07-04T08:32:53,3408,56.80511666666666,1656912782.823212,2022-07-04T08:33:02,3407165,56.78608333333333,19930.322481015774
1656912786,282000,6131113,12,25,13,4,28,12,13,4,27,5,4,4,27,20,4,4,26,125,11,0,2022-07-04T08:33:06,3421,57.02136666666667,1656912792.973516,2022-07-04T08:33:12,3420140,57.00233333333333,19989.372369798777
1656912798,283000,6143114,11,2,13,4,26,25,13,4,26,5,4,4,26,31,4,4,25,204,11,0,2022-07-04T08:33:18,3433,57.22138333333333,1656912806.9434888,2022-07-04T08:33:26,3432141,57.20235,20043.571122084035
1656912811,293000,6156124,11,12,13,4,28,25,13,4,28,20,4,4,25,31,4,4,25,59,11,0,2022-07-04T08:33:31,3446,57.43821666666667,1656912817.7944078,2022-07-04T08:33:37,3445151,57.41918333333333,20103.87935253103
1656912820,274000,6165105,11,2,13,4,29,25,13,4,28,12,13,4,27,6,4,4,27,60,11,0,2022-07-04T08:33:40,3455,57.5879,1656912831.2037208,2022-07-04T08:33:51,3454132,57.568866666666665,20142.261808794043
1656912831,315000,6176146,11,2,13,4,29,11,13,4,29,25,13,4,27,20,4,4,25,119,11,0,2022-07-04T08:33:51,3466,57.77191666666667,1656912841.309952,2022-07-04T08:34:01,3465173,57.75288333333333,20201.98406765753
1656912841,278000,6186109,11,12,13,4,31,20,4,4,27,25,13,4,27,29,4,4,26,145,11,0,2022-07-04T08:34:01,3476,57.93796666666666,1656912851.194325,2022-07-04T08:34:11,3475136,57.918933333333335,20258.001182553242
1656912856,279000,6201111,11,12,12,4,28,25,12,4,28,31,4,4,27,22,4,4,21,52,11,0,2022-07-04T08:34:16,3491,58.187983333333335,1656912864.844596,2022-07-04T08:34:24,3490138,58.16896666666666,20316.48800024497
1656912866,277000,6211109,11,12,12,4,26,29,4,4,26,31,4,4,26,6,4,4,21,82,11,0,2022-07-04T08:34:26,3501,58.354616666666665,1656912875.387285,2022-07-04T08:34:35,3500136,58.3356,20362.01163330934
1656912872,303000,6217134,12,12,13,4,29,25,13,4,28,5,4,4,27,31,4,4,26,254,11,0,2022-07-04T08:34:32,3507,58.45505,1656912885.365176,2022-07-04T08:34:45,3506161,58.43601666666667,20386.704267829005
1656912889,307000,6234138,12,12,12,3,29,25,12,4,27,29,4,4,26,31,4,4,23,226,11,0,2022-07-04T08:34:49,3524,58.73844999999999,1656912898.975117,2022-07-04T08:34:58,3523165,58.71941666666667,20468.33433705261
1656912902,288000,6247120,12,2,13,4,29,11,13,4,29,25,13,4,29,6,4,4,27,78,11,0,2022-07-04T08:35:02,3537,58.9548,1656912909.734848,2022-07-04T08:35:09,3536147,58.93578333333333,20539.01709480105
1656912914,322000,6259154,13,25,13,4,27,31,4,4,25,5,4,4,23,29,4,4,22,162,11,0,2022-07-04T08:35:14,3549,59.155366666666666,1656912922.75488,2022-07-04T08:35:22,3548181,59.13635,20597.268705162984
1656912926,309000,6271140,12,29,4,4,32,31,4,4,29,12,13,4,21,6,4,4,23,249,11,0,2022-07-04T08:35:26,3561,59.35515,1656912933.345425,2022-07-04T08:35:33,3560167,59.33611666666666,20659.927036743073
1656912938,309000,6283141,13,25,13,4,29,29,4,4,26,31,4,4,25,6,4,4,27,77,11,0,2022-07-04T08:35:38,3573,59.555150000000005,1656912946.9649959,2022-07-04T08:35:46,3572168,59.53613333333333,20722.038790748116
1656912950,328000,6295160,12,25,13,4,28,29,4,4,27,31,4,4,25,6,4,4,22,157,11,0,2022-07-04T08:35:50,3585,59.75546666666666,1656912957.703572,2022-07-04T08:35:57,3584187,59.73645,20786.07629619956
1656912957,295000,6302127,12,25,13,4,28,29,4,4,27,31,4,4,26,6,4,4,20,97,11,0,2022-07-04T08:35:57,3592,59.871583333333334,1656912968.396128,2022-07-04T08:36:08,3591154,59.85256666666667,20828.345330939315
1656912974,327000,6319159,13,29,4,4,29,31,4,4,27,5,4,4,23,6,4,4,23,72,11,0,2022-07-04T08:36:14,3609,60.15545,1656912982.3855329,2022-07-04T08:36:22,3608186,60.136433333333336,20918.886134031374
1656912986,325000,6331157,13,31,4,4,31,22,4,4,26,29,4,4,24,6,4,4,24,159,11,0,2022-07-04T08:36:26,3621,60.35541666666666,1656912992.895457,2022-07-04T08:36:32,3620184,60.336400000000005,20988.40878584011
1656912998,321000,6343153,14,20,4,4,25,25,13,4,25,12,13,4,23,31,4,4,19,237,11,0,2022-07-04T08:36:38,3633,60.55535,1656913006.585656,2022-07-04T08:36:46,3632180,60.53633333333333,21060.163527430028
1656913010,299000,6355131,13,12,13,4,29,25,13,4,28,20,4,4,25,6,4,4,23,64,11,0,2022-07-04T08:36:50,3645,60.754983333333335,1656913016.716332,2022-07-04T08:36:56,3644158,60.73596666666666,21124.53027096853
1656913033,298000,6378131,13,2,13,4,28,11,13,4,26,12,13,4,26,6,4,4,27,210,11,0,2022-07-04T08:37:13,3668,61.138299999999994,1656913041.00824,2022-07-04T08:37:21,3667158,61.119299999999996,21244.83591229449
1656913045,334000,6390167,15,2,13,4,29,11,13,4,28,25,13,4,28,6,4,4,28,36,11,0,2022-07-04T08:37:25,3680,61.338899999999995,1656913055.2558799,2022-07-04T08:37:35,3679194,61.3199,21307.172085421822
1656913069,343000,6414176,14,25,13,4,29,31,4,4,29,5,4,4,29,6,4,4,25,203,11,0,2022-07-04T08:37:49,3704,61.73905,1656913076.706668,2022-07-04T08:37:56,3703203,61.72005,21424.040963662403
1656913080,307000,6425140,13,25,13,4,27,29,4,4,26,31,4,4,25,6,4,4,24,5,11,0,2022-07-04T08:38:00,3715,61.92178333333333,1656913090.099385,2022-07-04T08:38:10,3714167,61.90278333333333,21475.101282287764
1656913093,315000,6438148,13,2,13,4,26,25,13,4,25,12,13,4,24,20,4,4,24,118,11,0,2022-07-04T08:38:13,3728,62.13858333333334,1656913100.955545,2022-07-04T08:38:20,3727175,62.11958333333334,21540.365885623745
1656913104,341000,6449174,13,12,13,4,30,25,13,4,28,20,4,4,25,6,4,4,24,170,11,0,2022-07-04T08:38:24,3739,62.32235,1656913114.538013,2022-07-04T08:38:34,3738201,62.30335,21591.905990308656
1656913117,337000,6462170,13,2,13,4,28,11,13,4,28,25,13,4,27,6,4,4,26,26,11,0,2022-07-04T08:38:37,3752,62.53895,1656913124.726541,2022-07-04T08:38:44,3751197,62.51995,21651.159757260517
1656913129,357000,6474190,15,2,13,4,31,11,13,4,30,25,13,4,29,6,4,4,27,113,11,0,2022-07-04T08:38:49,3764,62.73928333333333,1656913135.4861078,2022-07-04T08:38:55,3763217,62.720283333333334,21703.06049661952
1656913141,340000,6486173,13,2,13,4,29,11,13,4,28,25,13,4,28,29,4,4,22,195,11,0,2022-07-04T08:39:01,3776,62.939,1656913149.2761679,2022-07-04T08:39:09,3775200,62.919999999999995,21767.422178242552
1656913153,324000,6498157,13,2,13,4,30,11,13,4,30,25,13,4,30,6,4,4,27,20,11,0,2022-07-04T08:39:13,3788,63.138733333333334,1656913159.946061,2022-07-04T08:39:19,3787184,63.119733333333336,21823.802804444163
1656913181,292000,6526125,13,31,4,4,29,11,13,4,24,5,4,4,21,6,4,4,24,48,11,0,2022-07-04T08:39:41,3816,63.604866666666666,1656913194.006868,2022-07-04T08:39:54,3815152,63.58586666666667,21965.961755234104
1656913200,325000,6545158,13,12,13,4,30,25,13,4,26,5,4,4,24,31,4,4,24,70,11,0,2022-07-04T08:40:00,3835,63.92208333333333,1656913207.586468,2022-07-04T08:40:07,3834185,63.903083333333335,22068.36700380526
1656913234,343000,6579176,13,2,13,4,28,11,13,4,28,12,13,4,27,25,13,4,27,12,11,0,2022-07-04T08:40:34,3869,64.48904999999999,1656913242.456805,2022-07-04T08:40:42,3868203,64.47005,22253.765210529054
1656913246,318000,6591151,13,12,13,4,30,20,4,4,29,25,13,4,27,29,4,4,26,91,11,0,2022-07-04T08:40:46,3881,64.68863333333334,1656913256.186064,2022-07-04T08:40:56,3880178,64.66963333333334,22325.263241163007
1656913258,298000,6603131,13,29,4,4,30,31,4,4,25,12,13,4,21,6,4,4,24,174,11,0,2022-07-04T08:40:58,3893,64.8883,1656913266.9264278,2022-07-04T08:41:06,3892158,64.8693,22393.608280409677
1656913282,303000,6627136,13,12,13,4,30,25,13,4,27,29,4,4,26,31,4,4,22,90,11,0,2022-07-04T08:41:22,3917,65.28838333333333,1656913291.057152,2022-07-04T08:41:31,3916163,65.26938333333334,22529.924284246783
1656913293,332000,6638165,14,25,13,4,27,31,4,4,25,22,4,4,23,29,4,4,23,142,11,0,2022-07-04T08:41:33,3928,65.4722,1656913300.8759959,2022-07-04T08:41:40,3927192,65.4532,22596.751504347736
1656913304,325000,6649159,13,25,13,4,29,29,4,4,28,31,4,4,26,11,13,4,21,197,11,0,2022-07-04T08:41:44,3939,65.65541666666667,1656913314.4761639,2022-07-04T08:41:54,3938186,65.63643333333333,22655.5887928616
1656913316,325000,6661159,14,12,13,4,29,28,16,3,28,5,4,4,26,29,4,4,25,28,11,0,2022-07-04T08:41:56,3951,65.85541666666667,1656913325.116896,2022-07-04T08:42:05,3950186,65.83643333333333,22718.573176670212
1656913323,323000,6668156,13,20,4,4,28,12,13,4,26,25,13,4,26,29,4,4,25,228,11,0,2022-07-04T08:42:03,3958,65.97205,1656913335.786212,2022-07-04T08:42:15,3957183,65.95305,22756.251484687073
1656913350,310000,6695143,14,25,13,4,28,29,4,4,28,31,4,4,25,22,4,4,20,218,11,0,2022-07-04T08:42:30,3985,66.42183333333334,1656913358.9262838,2022-07-04T08:42:38,3984170,66.40283333333333,22896.945170454546
1656913363,299000,6708133,13,2,13,4,30,11,13,4,29,20,4,4,28,25,13,4,28,77,11,0,2022-07-04T08:42:43,3998,66.63831666666667,1656913373.196025,2022-07-04T08:42:53,3997160,66.61933333333333,22966.27389772897
1656913375,304000,6720138,13,2,13,4,26,11,13,4,25,12,13,4,25,25,13,4,25,164,11,0,2022-07-04T08:42:55,4010,66.83840000000001,1656913383.217193,2022-07-04T08:43:03,4009165,66.81941666666667,23021.491359710522
1656913387,301000,6732135,13,2,13,4,27,31,4,4,27,5,4,4,28,6,4,4,25,241,11,0,2022-07-04T08:43:07,4022,67.03835,1656913397.656056,2022-07-04T08:43:17,4021162,67.01936666666667,23076.883264916323
1656913399,339000,6744173,13,25,13,4,27,29,4,4,25,20,4,4,24,31,4,4,24,69,11,0,2022-07-04T08:43:19,4034,67.23898333333334,1656913407.766136,2022-07-04T08:43:27,4033200,67.22,23130.48026035589
1656913407,315000,6752149,14,2,13,4,30,11,13,4,29,12,13,4,26,6,4,4,26,41,11,0,2022-07-04T08:43:27,4042,67.37191666666666,1656913418.301616,2022-07-04T08:43:38,4041176,67.35293333333333,23176.20477138187
1656913423,335000,6768169,14,11,13,4,30,12,13,4,25,20,4,4,24,6,4,4,27,243,11,0,2022-07-04T08:43:43,4058,67.63891666666667,1656913431.9262528,2022-07-04T08:43:51,4057196,67.61993333333334,23256.557774926885
1656913435,319000,6780153,14,2,13,4,29,11,13,4,29,25,13,4,28,29,4,4,23,65,11,0,2022-07-04T08:43:55,4070,67.83865,1656913442.566668,2022-07-04T08:44:02,4069180,67.81966666666666,23318.143083523668
1656913459,314000,6804149,14,2,13,4,29,11,13,4,29,25,13,4,28,6,4,4,26,234,11,0,2022-07-04T08:44:19,4094,68.23856666666667,1656913466.776136,2022-07-04T08:44:26,4093176,68.2196,23444.713752248004
1656913471,294000,6816128,13,20,4,4,30,25,13,4,29,12,13,4,27,29,4,4,25,62,11,0,2022-07-04T08:44:31,4106,68.43823333333333,1656913480.556365,2022-07-04T08:44:40,4105155,68.41924999999999,23510.024148945788
1656913483,314000,6828148,13,12,13,4,30,25,13,4,28,5,4,4,26,31,4,4,26,142,11,0,2022-07-04T08:44:43,4118,68.63856666666668,1656913491.377301,2022-07-04T08:44:51,4117175,68.61958333333334,23580.34617342394
1656913491,328000,6836162,13,12,13,4,30,25,13,4,28,5,4,4,26,29,4,4,24,111,11,0,2022-07-04T08:44:51,4126,68.77213333333334,1656913501.916013,2022-07-04T08:45:01,4125189,68.75315,23625.890012245512
1656913518,312000,6863147,14,25,13,4,28,29,4,4,28,12,13,4,24,6,4,4,26,115,11,0,2022-07-04T08:45:18,4153,69.22186666666667,1656913525.636545,2022-07-04T08:45:25,4152174,69.2029,23764.592921729025
1656913529,334000,6874168,14,29,4,5,31,31,4,4,29,5,4,4,26,6,4,4,25,164,11,0,2022-07-04T08:45:29,4164,69.40556666666666,1656913538.587704,2022-07-04T08:45:38,4163195,69.38658333333333,23829.002353461667
1656913541,331000,6886165,13,29,4,4,30,31,4,4,28,11,13,4,24,6,4,4,22,247,11,0,2022-07-04T08:45:41,4176,69.60551666666667,1656913548.357333,2022-07-04T08:45:48,4175192,69.58653333333334,23904.9461044163
1656913552,320000,6897154,13,29,4,4,31,31,4,4,27,5,4,4,25,6,4,4,25,49,11,0,2022-07-04T08:45:52,4187,69.78866666666666,1656913558.9979608,2022-07-04T08:45:58,4186181,69.76968333333333,23959.799358021795
1656913564,306000,6909140,13,25,13,4,28,29,4,4,26,31,4,4,25,6,4,4,27,136,11,0,2022-07-04T08:46:04,4199,69.98843333333333,1656913572.765992,2022-07-04T08:46:12,4198167,69.96945000000001,24023.145538767687
1656913576,289000,6921123,13,25,12,4,29,29,4,4,27,31,4,4,26,18,4,4,21,214,11,0,2022-07-04T08:46:16,4211,70.18815,1656913584.126248,2022-07-04T08:46:24,4210150,70.16916666666665,24109.5168672342
1656913588,334000,6933169,14,12,13,4,28,25,13,4,27,29,4,4,27,31,4,4,24,41,11,0,2022-07-04T08:46:28,4223,70.38889999999999,1656913597.3261518,2022-07-04T08:46:37,4222196,70.36993333333334,24150.878971116646
1656913601,325000,6946159,12,11,13,4,30,20,4,4,29,25,13,4,28,29,4,4,24,156,11,0,2022-07-04T08:46:41,4236,70.60541666666667,1656913607.772348,2022-07-04T08:46:47,4235186,70.58643333333333,24230.30606439324
1656913612,347000,6957182,13,2,13,4,31,11,13,4,30,25,13,4,29,18,4,4,28,215,11,0,2022-07-04T08:46:52,4247,70.78911666666666,1656913621.376956,2022-07-04T08:47:01,4246209,70.77015,24283.777423618885
1656913624,332000,6969167,13,2,13,4,28,11,13,4,27,25,13,4,27,18,4,4,26,37,11,0,2022-07-04T08:47:04,4259,70.98886666666667,1656913632.245952,2022-07-04T08:47:12,4258194,70.96990000000001,24350.175273095378
1656913659,308000,7004143,13,2,13,4,32,11,13,4,32,25,13,4,30,6,4,4,26,7,11,0,2022-07-04T08:47:39,4294,71.5718,1656913667.1258519,2022-07-04T08:47:47,4293170,71.55283333333334,24529.864487463976
1656913672,359000,7017194,15,2,13,4,29,11,13,4,28,25,13,4,27,6,4,4,27,114,11,0,2022-07-04T08:47:52,4307,71.78931666666668,1656913680.966141,2022-07-04T08:48:00,4306221,71.77035,24594.158012712833
1656913682,331000,7027165,13,2,13,4,29,11,13,4,29,25,13,4,28,6,4,4,26,139,11,0,2022-07-04T08:48:02,4317,71.95551666666667,1656913690.7670488,2022-07-04T08:48:10,4316192,71.93653333333333,24643.46771453512
1656913695,332000,7040167,14,2,13,4,32,11,13,4,31,20,4,4,29,25,13,4,29,254,11,0,2022-07-04T08:48:15,4330,72.1722,1656913701.336297,2022-07-04T08:48:21,4329194,72.15323333333335,24706.74694306723
1656913707,313000,7052147,13,2,13,4,30,11,13,4,29,20,4,4,27,25,13,4,27,82,11,0,2022-07-04T08:48:27,4342,72.37188333333333,1656913714.8463118,2022-07-04T08:48:34,4341174,72.3529,24760.34382063834
1656913719,344000,7064178,13,2,13,4,31,11,13,4,31,20,4,4,29,25,13,4,29,163,11,0,2022-07-04T08:48:39,4354,72.5724,1656913725.315889,2022-07-04T08:48:45,4353205,72.55341666666666,24812.55522745578
1656913729,317000,7074152,13,2,13,4,29,11,13,4,29,20,4,4,29,25,13,4,29,188,11,0,2022-07-04T08:48:49,4364,72.73861666666667,1656913739.036033,2022-07-04T08:48:59,4363179,72.71965,24854.532924770196
1656913741,349000,7086183,14,20,4,4,29,11,13,4,27,12,13,4,27,25,13,4,27,19,11,0,2022-07-04T08:49:01,4376,72.93915,1656913749.916772,2022-07-04T08:49:09,4375210,72.92016666666667,24909.699854474653
1656913765,355000,7110189,13,2,13,4,28,12,13,4,28,20,13,4,28,29,4,4,26,183,11,0,2022-07-04T08:49:25,4400,73.33924999999999,1656913773.795637,2022-07-04T08:49:33,4399216,73.32026666666667,25025.414776712634
1656913774,304000,7119139,13,2,13,4,29,20,13,4,29,29,4,4,27,6,4,4,21,179,11,0,2022-07-04T08:49:34,4409,73.4884,1656913784.395597,2022-07-04T08:49:44,4408166,73.46943333333334,25077.98943926108
1656913789,305000,7134140,13,2,13,4,33,25,13,4,29,20,13,4,28,29,4,4,25,95,11,0,2022-07-04T08:49:49,4424,73.73841666666667,1656913798.305512,2022-07-04T08:49:58,4423167,73.71945000000001,25137.35426213569
1656913801,330000,7146165,13,2,13,4,30,11,13,4,28,25,13,4,28,6,4,4,26,173,11,0,2022-07-04T08:50:01,4436,73.93883333333333,1656913808.9756799,2022-07-04T08:50:08,4435192,73.91986666666666,25201.068718427596
1656913814,339000,7159174,13,2,13,4,31,11,13,4,30,25,13,4,29,6,4,4,27,29,11,0,2022-07-04T08:50:14,4449,74.15565,1656913822.436645,2022-07-04T08:50:22,4448201,74.13668333333334,25268.506377467103
1656913826,356000,7171191,14,2,13,4,30,11,13,4,30,25,13,4,28,29,4,4,25,116,11,0,2022-07-04T08:50:26,4461,74.35593333333333,1656913833.565616,2022-07-04T08:50:33,4460218,74.33696666666667,25338.507518339127
1656913833,321000,7178156,14,2,13,4,30,20,13,4,29,12,13,4,26,29,4,4,26,59,11,0,2022-07-04T08:50:33,4468,74.47201666666666,1656913847.2659159,2022-07-04T08:50:47,4467183,74.45305,25388.469445585535
1656913850,345000,7195180,13,12,13,4,30,25,13,4,28,29,4,4,26,31,4,4,23,24,11,0,2022-07-04T08:50:50,4485,74.75575,1656913858.036849,2022-07-04T08:50:58,4484207,74.73678333333334,25474.312010864924
1656913859,316000,7204151,14,12,13,4,29,20,13,4,27,25,13,4,27,29,4,4,26,21,11,0,2022-07-04T08:50:59,4494,74.90526666666666,1656913867.996676,2022-07-04T08:51:07,4493178,74.88629999999999,25528.2868517478
1656913874,352000,7219187,15,2,13,4,28,11,13,4,27,12,13,4,27,20,13,4,27,194,11,0,2022-07-04T08:51:14,4509,75.15586666666667,1656913881.435245,2022-07-04T08:51:21,4508214,75.1369,25618.65585217867
1656913886,325000,7231160,14,2,13,4,31,11,13,4,31,25,13,4,29,6,4,4,27,21,11,0,2022-07-04T08:51:26,4521,75.35541666666667,1656913892.2262318,2022-07-04T08:51:32,4520187,75.33645,25673.94221855648
1656913897,348000,7242183,14,2,13,4,30,11,13,4,29,25,13,4,29,12,13,4,26,74,11,0,2022-07-04T08:51:37,4532,75.53913333333334,1656913905.825381,2022-07-04T08:51:45,4531210,75.52016666666667,25743.24631195966
1656913909,323000,7254158,15,2,13,4,30,11,13,4,30,18,4,4,27,25,13,4,27,157,11,0,2022-07-04T08:51:49,4544,75.73871666666668,1656913916.6160638,2022-07-04T08:51:56,4543185,75.71975,25802.058970519898
1656913920,340000,7265175,14,2,13,5,32,11,13,4,31,25,13,4,30,6,4,4,26,216,11,0,2022-07-04T08:52:00,4555,75.92233333333334,1656913926.496433,2022-07-04T08:52:06,4554202,75.90336666666667,25865.737036244715
1656913932,329000,7277164,14,2,13,4,29,11,13,4,28,25,13,4,27,12,13,4,25,47,11,0,2022-07-04T08:52:12,4567,76.12214999999999,1656913940.405392,2022-07-04T08:52:20,4566191,76.10318333333333,25920.883637531926
1656913944,318000,7289152,14,2,13,4,31,11,13,4,30,25,13,4,29,12,13,4,26,124,11,0,2022-07-04T08:52:24,4579,76.32196666666667,1656913950.916601,2022-07-04T08:52:30,4578179,76.30298333333333,25976.667423644783
1656913955,317000,7300152,14,2,13,4,29,11,13,4,29,25,13,4,28,18,4,4,27,179,11,0,2022-07-04T08:52:35,4590,76.50528333333334,1656913964.615517,2022-07-04T08:52:44,4589179,76.48631666666667,26044.18172765416
1656913966,334000,7311169,14,2,13,4,27,11,13,4,27,12,13,4,27,25,13,4,26,238,11,0,2022-07-04T08:52:46,4601,76.6889,1656913975.239168,2022-07-04T08:52:55,4600196,76.66993333333333,26093.15671685777
1656913974,345000,7319179,14,12,13,4,28,25,13,4,28,5,4,4,24,18,4,4,24,211,11,0,2022-07-04T08:52:54,4609,76.82241666666667,1656913985.1767368,2022-07-04T08:53:05,4608206,76.80343333333333,26136.508429323807
1656913990,313000,7335148,13,2,13,4,28,11,13,4,28,25,13,4,28,12,13,4,26,151,11,0,2022-07-04T08:53:10,4625,77.08855,1656913999.05652,2022-07-04T08:53:19,4624175,77.06958333333334,26204.82457584965
1656914014,344000,7359179,13,2,13,4,31,11,13,4,30,25,13,4,28,6,4,4,26,61,11,0,2022-07-04T08:53:34,4649,77.48906666666667,1656914022.9956648,2022-07-04T08:53:42,4648206,77.4701,26305.899307660467
1656914026,321000,7371156,14,2,13,4,29,11,13,4,28,20,13,4,27,25,13,4,27,147,11,0,2022-07-04T08:53:46,4661,77.68868333333333,1656914033.826144,2022-07-04T08:53:53,4660183,77.66971666666667,26358.311025330255
1656914038,355000,7383189,14,11,13,4,29,20,13,4,29,25,13,4,27,29,4,4,26,228,11,0,2022-07-04T08:53:58,4673,77.88924999999999,1656914047.6553118,2022-07-04T08:54:07,4672216,77.87026666666667,26399.647960110302
1656914063,332000,7408167,14,20,13,4,31,11,13,4,29,25,13,4,28,29,4,4,27,167,11,0,2022-07-04T08:54:23,4698,78.30553333333334,1656914072.435968,2022-07-04T08:54:32,4697194,78.28656666666667,26492.63800108358
1656914075,315000,7420149,14,12,13,4,28,25,13,4,27,29,4,4,25,18,4,4,23,253,11,0,2022-07-04T08:54:35,4710,78.50524999999999,1656914083.0055919,2022-07-04T08:54:43,4709176,78.48626666666668,26444.819691082965
1656914087,312000,7432147,14,2,13,4,32,20,13,4,31,25,13,4,29,6,4,4,24,75,11,0,2022-07-04T08:54:47,4722,78.7052,1656914093.415333,2022-07-04T08:54:53,4721174,78.68623333333333,26185.270229729445
1656914098,332000,7443166,13,25,13,4,29,4,4,4,24,12,13,4,21,6,4,4,21,130,11,0,2022-07-04T08:54:58,4733,78.88886666666667,1656914107.0153198,2022-07-04T08:55:07,4732193,78.86988333333333,25768.624406697432
1656914105,323000,7450157,13,2,12,3,27,12,13,4,27,5,4,4,25,20,13,4,25,74,11,0,2022-07-04T08:55:05,4740,79.00538333333334,1656914117.535353,2022-07-04T08:55:17,4739184,78.9864,25480.881289526023
1656914122,324000,7467159,12,29,4,4,28,20,13,4,24,26,4,3,24,6,4,4,24,48,11,0,2022-07-04T08:55:22,4757,79.28873333333333,1656914131.7465398,2022-07-04T08:55:31,4756186,79.26976666666665,24740.95094163597
1656914131,312000,7476146,12,2,12,4,30,11,12,4,29,5,4,4,28,12,12,3,26,42,11,0,2022-07-04T08:55:31,4766,79.43853333333333,1656914142.5655599,2022-07-04T08:55:42,4765173,79.41955,24356.150692540497
1656914157,382000,7502216,14,25,13,4,28,31,4,3,28,5,4,4,26,6,4,4,21,13,11,0,2022-07-04T08:55:57,4792,79.87303333333332,1656914166.36618,2022-07-04T08:56:06,4791243,79.85405,23243.732638865527
1656914170,366000,7515200,13,12,13,4,32,25,13,4,29,5,4,4,29,31,4,4,27,128,11,0,2022-07-04T08:56:10,4805,80.08943333333333,1656914176.546232,2022-07-04T08:56:16,4804227,80.07045,22705.09410577886
1656914182,322000,7527157,13,2,13,4,28,11,13,4,27,25,13,4,26,12,13,4,25,205,11,0,2022-07-04T08:56:22,4817,80.2887,1656914190.586232,2022-07-04T08:56:30,4816184,80.26973333333333,22335.742646177652
1656914195,328000,7540162,13,11,13,4,29,31,4,4,29,5,4,4,30,25,13,4,25,61,11,0,2022-07-04T08:56:35,4830,80.50546666666668,1656914201.275508,2022-07-04T08:56:41,4829189,80.48648333333334,21886.473247291076
1656914204,322000,7549157,14,12,13,4,31,4,4,4,26,5,4,4,27,11,13,4,26,62,11,0,2022-07-04T08:56:44,4839,80.65536666666667,1656914214.6261759,2022-07-04T08:56:54,4838184,80.63640000000001,21575.79133328326
1656914215,353000,7560187,15,2,13,4,27,9,0,3,27,25,13,4,26,28,16,3,26,121,11,0,2022-07-04T08:56:55,4850,80.83921666666667,1656914224.7152,2022-07-04T08:57:04,4849214,80.82023333333333,21064.80869630488
1656914225,309000,7570144,13,2,12,3,29,11,13,4,29,12,13,4,26,20,13,4,26,145,11,0,2022-07-04T08:57:05,4860,81.00515,1656914235.015364,2022-07-04T08:57:15,4859171,80.98618333333334,20890.667848623598
1656914240,370000,7585204,13,2,13,4,27,25,13,4,27,5,4,4,25,20,13,4,23,58,11,0,2022-07-04T08:57:20,4875,81.25616666666666,1656914249.045301,2022-07-04T08:57:29,4874231,81.23718333333333,20433.696335570316
1656914252,354000,7597189,13,31,4,4,31,20,13,4,25,12,13,4,24,26,4,4,24,141,11,0,2022-07-04T08:57:32,4887,81.4559,1656914259.065377,2022-07-04T08:57:39,4886216,81.43693333333334,20081.095835101736
1656914263,331000,7608166,13,2,13,4,29,11,13,4,28,25,13,4,27,6,4,4,27,199,11,0,2022-07-04T08:57:43,4898,81.63885,1656914273.134841,2022-07-04T08:57:53,4897193,81.61988333333333,19771.580890275207
1656914276,311000,7621145,13,12,13,4,30,26,4,4,29,5,4,4,28,29,4,4,26,51,11,0,2022-07-04T08:57:56,4911,81.85518333333333,1656914283.8549168,2022-07-04T08:58:03,4910172,81.83619999999999,19409.004071231142
1656914300,354000,7645189,13,12,13,4,28,25,13,4,27,31,4,4,26,29,4,4,24,220,11,0,2022-07-04T08:58:20,4935,82.25590000000001,1656914308.295677,2022-07-04T08:58:28,4934216,82.23693333333334,18765.073813433624
1656914311,339000,7656174,15,28,16,3,32,11,12,3,30,20,12,3,30,124,16,3,30,22,11,0,2022-07-04T08:58:31,4946,82.43898333333333,1656914318.375725,2022-07-04T08:58:38,4945201,82.42001666666667,18487.68138261653
1656914335,321000,7680156,15,124,16,3,38,29,4,3,35,126,16,3,33,6,4,1,0,186,11,0,2022-07-04T08:58:55,4970,82.83868333333334,1656914342.8458278,2022-07-04T08:59:02,4969183,82.81971666666666,17892.580126146557
1656914347,356000,7692191,17,124,16,3,32,28,16,3,21,31,4,3,20,6,4,0,0,14,11,0,2022-07-04T08:59:07,4982,83.03926666666666,1656914356.5630648,2022-07-04T08:59:16,4981218,83.02029999999999,17605.454341420413
1656914360,323000,7705157,15,120,16,3,36,124,16,3,30,5,4,4,9,6,4,1,0,129,11,0,2022-07-04T08:59:20,4995,83.25538333333334,1656914367.4760768,2022-07-04T08:59:27,4994184,83.2364,17302.869108908464
1656914372,363000,7717197,16,18,4,4,35,120,16,3,28,126,16,3,28,6,4,1,0,212,11,0,2022-07-04T08:59:32,5007,83.45605,1656914381.0579839,2022-07-04T08:59:41,5006224,83.43706666666667,17028.065958523475
1656914384,300000,7729133,14,31,4,3,33,126,16,3,30,5,4,4,30,6,4,1,0,37,11,0,2022-07-04T08:59:44,5019,83.655,1656914391.6901278,2022-07-04T08:59:51,5018160,83.636,16760.556006097602
1656914395,314000,7740147,14,25,12,3,18,4,4,1,0,5,4,1,0,6,4,0,0,92,11,0,2022-07-04T08:59:55,5030,83.83856666666667,1656914402.2074049,2022-07-04T09:00:02,5029174,83.81956666666666,16516.919605484043
1656914407,318000,7752151,16,25,12,3,28,4,4,3,26,26,4,3,25,6,4,3,28,179,11,0,2022-07-04T09:00:07,5042,84.03863333333334,1656914415.62778,2022-07-04T09:00:15,5041178,84.01963333333333,16256.998897378568
1656914414,353000,7759186,16,120,16,3,29,18,4,4,27,31,4,4,27,124,16,3,27,124,11,0,2022-07-04T09:00:14,5049,84.15588333333334,1656914426.0180478,2022-07-04T09:00:26,5048213,84.13688333333333,16106.816131846912
1656914430,343000,7775175,15,9,0,3,28,29,4,4,26,25,12,3,23,6,4,3,23,60,11,0,2022-07-04T09:00:30,5065,84.42238333333333,1656914439.91734,2022-07-04T09:00:39,5064202,84.40336666666667,15761.71846234846
1656914442,328000,7787160,16,26,4,3,16,4,4,3,16,29,4,3,16,6,4,3,8,143,11,0,2022-07-04T09:00:42,5077,84.62213333333334,1656914450.813021,2022-07-04T09:00:50,5076187,84.60311666666666,15593.293576338336
1656914450,334000,7795166,16,28,16,3,25,4,4,3,24,5,4,1,0,6,4,4,9,116,11,0,2022-07-04T09:00:50,5085,84.75556666666667,1656914460.8747919,2022-07-04T09:01:00,5084193,84.73655000000001,15455.052360201988
1656914466,348000,7811180,16,20,12,3,18,31,4,3,16,5,4,1,0,6,4,1,0,62,11,0,2022-07-04T09:01:06,5101,85.02246666666666,1656914474.698117,2022-07-04T09:01:14,5100207,85.00345,15175.371760271122
1656914478,359000,7823191,16,2,12,1,0,4,4,3,15,5,4,1,0,6,4,1,0,139,11,0,2022-07-04T09:01:18,5113,85.22265,1656914485.918172,2022-07-04T09:01:25,5112218,85.20363333333333,14966.201645325606
1656914491,344000,7836175,16,2,12,1,0,4,4,1,0,5,4,1,0,6,4,1,0,250,11,0,2022-07-04T09:01:31,5126,85.43906666666666,1656914499.248353,2022-07-04T09:01:39,5125202,85.42003333333334,14747.422601645903
1656914503,334000,7848166,16,2,12,1,0,4,4,1,0,5,4,1,0,6,4,1,0,81,11,0,2022-07-04T09:01:43,5138,85.63889999999999,1656914510.167613,2022-07-04T09:01:50,5137193,85.61988333333333,14548.926552335117
1656914515,356000,7860188,16,2,12,1,0,4,4,3,12,5,4,1,0,6,4,1,0,169,11,0,2022-07-04T09:01:55,5150,85.83926666666666,1656914523.707845,2022-07-04T09:02:03,5149215,85.82025,14348.318042813906
1656914527,343000,7872175,16,2,12,1,0,4,4,1,0,5,4,1,0,6,4,1,0,246,11,0,2022-07-04T09:02:07,5162,86.03905,1656914534.558785,2022-07-04T09:02:14,5161202,86.02003333333333,14153.211913225674
1656914539,314000,7884146,16,2,12,1,0,4,4,1,0,5,4,1,0,6,4,1,0,73,11,0,2022-07-04T09:02:19,5174,86.23856666666667,1656914548.4396648,2022-07-04T09:02:28,5173173,86.21955,13963.63570950268
1656914552,344000,7897176,16,29,4,3,18,31,4,3,10,5,4,1,0,6,4,1,0,189,11,0,2022-07-04T09:02:32,5187,86.45573333333333,1656914559.010812,2022-07-04T09:02:39,5186203,86.43671666666667,13761.618330692643
1656914563,319000,7908151,16,2,12,1,0,4,4,1,0,5,4,1,0,6,4,1,0,247,11,0,2022-07-04T09:02:43,5198,86.63865000000001,1656914569.849736,2022-07-04T09:02:49,5197178,86.61963333333333,13593.556143861528
1656914576,315000,7921146,16,2,12,1,0,4,4,1,0,5,4,1,0,6,4,1,0,98,11,0,2022-07-04T09:02:56,5211,86.85525,1656914583.748224,2022-07-04T09:03:03,5210173,86.83621666666666,13404.224875717933
1656914586,319000,7931150,16,2,12,3,11,4,4,1,0,5,4,1,0,6,4,1,0,124,11,0,2022-07-04T09:03:06,5221,87.02198333333334,1656914594.17816,2022-07-04T09:03:14,5220177,87.00295,13256.721616458262
1656914622,372000,7967203,18,28,16,3,25,9,0,3,24,25,12,3,19,6,4,1,0,122,11,0,2022-07-04T09:03:42,5257,87.62286666666667,1656914632.298729,2022-07-04T09:03:52,5256230,87.60383333333333,12739.982215090093
1656914631,349000,7976180,17,8,0,3,27,28,16,3,25,5,4,1,0,6,4,1,0,121,11,0,2022-07-04T09:03:51,5266,87.77248333333334,1656914642.058157,2022-07-04T09:04:02,5265207,87.75345,12610.828319888444
1656914645,353000,7990184,15,2,12,1,0,4,4,1,0,5,4,1,0,6,4,1,0,6,11,0,2022-07-04T09:04:05,5280,88.00588333333333,1656914652.879169,2022-07-04T09:04:12,5279211,87.98685,12410.195910960016
1656914670,339000,8015169,16,28,16,3,27,4,4,1,0,5,4,1,0,6,4,1,0,205,11,0,2022-07-04T09:04:30,5305,88.42231666666666,1656914677.308477,2022-07-04T09:04:37,5304196,88.40326666666667,12060.954400900995
1656914681,355000,8026186,16,2,12,1,0,4,4,1,0,5,4,3,26,6,4,1,0,2,11,0,2022-07-04T09:04:41,5316,88.60591666666666,1656914691.460381,2022-07-04T09:04:51,5315213,88.58688333333333,11914.874484390202
1656914694,356000,8039186,17,28,16,3,26,4,4,3,25,25,12,3,23,6,4,1,0,114,11,0,2022-07-04T09:04:54,5329,88.8226,1656914702.429324,2022-07-04T09:05:02,5328213,88.80355,11744.742584206419
1656914706,350000,8051180,18,9,0,3,23,11,12,3,18,5,4,0,0,6,4,1,0,201,11,0,2022-07-04T09:05:06,5341,89.02250000000001,1656914717.182268,2022-07-04T09:05:17,5340207,89.00345,11588.353751528608
1656914719,366000,8064197,17,28,16,3,30,4,4,3,26,11,12,3,22,6,4,1,0,58,11,0,2022-07-04T09:05:19,5354,89.23943333333334,1656914727.2695758,2022-07-04T09:05:27,5353224,89.2204,11419.86951821861
1656914731,337000,8075167,16,11,12,3,24,4,4,1,0,5,4,1,0,6,4,1,0,109,11,0,2022-07-04T09:05:31,5366,89.43895,1656914738.628913,2022-07-04T09:05:38,5364194,89.40323333333335,11265.05791857836
1656914743,358000,8088188,16,20,12,3,26,4,4,1,0,5,4,1,0,6,4,1,0,221,11,0,2022-07-04T09:05:43,5378,89.6393,1656914752.30936,2022-07-04T09:05:52,5377215,89.62025,11111.136948965132
1656914756,379000,8101209,18,8,0,3,25,4,4,3,29,28,16,3,25,6,4,1,0,81,11,0,2022-07-04T09:05:56,5391,89.85631666666667,1656914763.24914,2022-07-04T09:06:03,5390236,89.83726666666666,10949.871515627887
1656914767,353000,8112183,16,2,12,1,0,4,4,1,0,5,4,1,0,6,4,1,0,137,11,0,2022-07-04T09:06:07,5402,90.03921666666666,1656914777.548333,2022-07-04T09:06:17,5401210,90.02016666666667,10816.941737482399
1656914780,324000,8125154,16,2,12,3,17,26,4,3,15,5,4,1,0,6,4,1,0,245,11,0,2022-07-04T09:06:20,5415,90.2554,1656914788.588477,2022-07-04T09:06:28,5414181,90.23634999999999,10660.372449560846
1656914793,318000,8138147,15,26,4,3,13,4,4,1,0,5,4,1,0,6,4,1,0,101,11,0,2022-07-04T09:06:33,5428,90.47196666666667,1656914802.7294278,2022-07-04T09:06:42,5427174,90.4529,10504.587320214036
1656914806,335000,8151165,16,2,12,1,0,4,4,1,0,5,4,1,0,6,4,1,0,217,11,0,2022-07-04T09:06:46,5441,90.68891666666667,1656914813.458433,2022-07-04T09:06:53,5440192,90.66986666666666,10351.323900289774
1656914818,332000,8163161,16,18,4,3,27,4,4,1,0,5,4,1,0,6,4,1,0,44,11,0,2022-07-04T09:06:58,5453,90.88886666666667,1656914828.20094,2022-07-04T09:07:08,5452188,90.8698,10210.319730706415
1656914831,340000,8176170,16,2,12,1,0,4,4,3,22,5,4,1,0,6,4,1,0,154,11,0,2022-07-04T09:07:11,5466,91.10566666666666,1656914839.0096369,2022-07-04T09:07:19,5465197,91.08661666666667,10057.470131560565
1656914844,346000,8189175,16,2,12,1,0,4,4,1,0,5,4,1,0,6,4,1,0,10,11,0,2022-07-04T09:07:24,5479,91.32243333333332,1656914849.968564,2022-07-04T09:07:29,5478202,91.30336666666668,9904.336653601025
1656914856,338000,8201168,17,20,12,3,22,4,4,1,0,5,4,1,0,6,4,3,10,97,11,0,2022-07-04T09:07:36,5491,91.5223,1656914864.0485399,2022-07-04T09:07:44,5490195,91.50325,9767.305863491933
1656914869,344000,8214173,16,20,12,4,33,4,4,4,35,29,4,4,31,6,4,4,33,208,11,0,2022-07-04T09:07:49,5504,91.73906666666667,1656914875.158537,2022-07-04T09:07:55,5503200,91.72,9617.985682618833
1656914880,366000,8225195,16,18,4,3,21,4,4,1,0,5,4,1,0,6,4,1,0,5,11,0,2022-07-04T09:08:00,5515,91.92276666666666,1656914889.5986,2022-07-04T09:08:09,5514222,91.9037,9492.904918594939
1656914893,378000,8238207,17,29,4,4,32,4,4,4,33,31,4,4,30,6,4,4,31,117,11,0,2022-07-04T09:08:13,5528,92.13963333333332,1656914900.8788118,2022-07-04T09:08:20,5527234,92.12056666666668,9344.572023018109
1656914905,372000,8250201,17,28,16,3,22,25,12,3,11,5,4,1,0,6,4,1,0,204,11,0,2022-07-04T09:08:25,5540,92.33953333333334,1656914914.838225,2022-07-04T09:08:34,5539228,92.32046666666666,9210.924511302817
1656914918,355000,8263184,16,2,12,1,0,4,4,1,0,5,4,1,0,6,4,1,0,59,11,0,2022-07-04T09:08:38,5553,92.55591666666666,1656914925.6785848,2022-07-04T09:08:45,5552211,92.53685,9066.942147232536
1656914930,321000,8275150,16,8,0,3,21,9,0,3,21,11,12,3,9,6,4,1,0,140,11,0,2022-07-04T09:08:50,5565,92.75534999999999,1656914939.77878,2022-07-04T09:08:59,5564177,92.73628333333333,8936.533873476379
1656914942,333000,8287162,16,26,4,3,9,4,4,1,0,5,4,1,0,6,4,1,0,223,11,0,2022-07-04T09:09:02,5577,92.95554999999999,1656914951.490553,2022-07-04T09:09:11,5576189,92.93648333333334,8806.089618170101
1656914955,324000,8300153,16,2,12,1,0,4,4,1,0,5,4,1,0,6,4,1,0,82,11,0,2022-07-04T09:09:15,5590,93.17206666666667,1656914965.9314969,2022-07-04T09:09:25,5589180,93.153,8666.329742442258
1656914967,316000,8312145,16,20,12,3,8,4,4,1,0,5,4,1,0,6,4,1,0,161,11,0,2022-07-04T09:09:27,5602,93.37193333333333,1656914976.7893999,2022-07-04T09:09:36,5601172,93.35286666666666,8538.582718560503
1656914980,323000,8325152,16,26,4,3,13,4,4,1,0,5,4,1,0,6,4,1,0,15,11,0,2022-07-04T09:09:40,5615,93.58871666666667,1656914987.798521,2022-07-04T09:09:47,5614179,93.56965,8398.053140224965
1656914994,320000,8339148,16,2,12,1,0,4,4,1,0,5,4,1,0,6,4,1,0,159,11,0,2022-07-04T09:09:54,5629,93.82199999999999,1656915002.070168,2022-07-04T09:10:02,5628175,93.80291666666668,8250.757592222377
1656915006,362000,8351190,16,8,0,3,32,4,4,1,0,5,4,1,0,6,4,1,0,247,11,0,2022-07-04T09:10:06,5641,94.0227,1656915012.8484359,2022-07-04T09:10:12,5640217,94.00361666666666,8126.321987666689
1656915018,357000,8363185,17,28,16,3,31,4,4,3,25,20,12,3,25,29,4,3,25,68,11,0,2022-07-04T09:10:18,5653,94.22261666666667,1656915027.029981,2022-07-04T09:10:27,5652212,94.20353333333334,8003.206805480407
1656915030,358000,8375186,17,28,16,3,26,20,12,3,23,5,4,0,0,6,4,1,0,151,11,0,2022-07-04T09:10:30,5665,94.42263333333334,1656915037.977932,2022-07-04T09:10:37,5664213,94.40355,7881.9541492721455
1656915042,373000,8387201,17,8,0,3,20,9,0,3,15,5,4,3,24,25,12,4,9,238,11,0,2022-07-04T09:10:42,5677,94.62288333333332,1656915052.179633,2022-07-04T09:10:52,5676228,94.6038,7760.842750381979
1656915055,359000,8400187,16,2,12,3,23,9,0,3,23,28,16,3,22,6,4,3,21,97,11,0,2022-07-04T09:10:55,5690,94.83931666666668,1656915063.489161,2022-07-04T09:11:03,5689214,94.82023333333333,7628.285577350395
1656915067,414000,8412242,19,10,4,3,26,18,4,3,25,30,4,3,25,5,4,3,24,176,11,0,2022-07-04T09:11:07,5702,95.04023333333333,1656915077.487725,2022-07-04T09:11:17,5701269,95.02115,7506.699041431903
1656915080,333000,8425160,17,2,12,1,0,4,4,1,0,5,4,0,0,6,4,1,0,30,11,0,2022-07-04T09:11:20,5715,95.25555,1656915088.418701,2022-07-04T09:11:28,5714187,95.23645,7378.7678368429215
1656915093,369000,8438197,16,17,4,3,25,4,4,1,0,5,4,1,0,6,4,1,0,146,11,0,2022-07-04T09:11:33,5728,95.47281666666666,1656915102.478164,2022-07-04T09:11:42,5727224,95.45373333333333,7253.659633851941
1656915105,367000,8450194,17,28,16,3,21,31,4,3,8,5,4,1,0,6,4,0,0,230,11,0,2022-07-04T09:11:45,5740,95.67278333333334,1656915113.142433,2022-07-04T09:11:53,5739221,95.65368333333332,7134.679168418505
1656915118,387000,8463214,19,18,4,3,28,15,4,3,23,12,12,3,22,13,4,3,22,83,11,0,2022-07-04T09:11:58,5753,95.88978333333333,1656915123.938817,2022-07-04T09:12:03,5752241,95.87068333333333,7008.460205325277
1656915129,355000,8474182,16,2,12,1,0,4,4,1,0,5,4,1,0,6,4,1,0,137,11,0,2022-07-04T09:12:09,5764,96.07258333333333,1656915138.1774359,2022-07-04T09:12:18,5763209,96.05348333333333,6903.322363738816
1656915141,354000,8486181,16,19,4,3,25,31,4,3,11,5,4,1,0,6,4,1,0,224,11,0,2022-07-04T09:12:21,5776,96.27256666666668,1656915149.199945,2022-07-04T09:12:29,5775208,96.25346666666665,6790.819220262016
1656915154,355000,8499182,16,2,12,1,0,4,4,1,0,5,4,1,0,6,4,1,0,82,11,0,2022-07-04T09:12:34,5789,96.48925,1656915163.1681519,2022-07-04T09:12:43,5788209,96.47015,6668.165467474098
1656915166,299000,8511125,14,28,16,3,24,4,4,1,0,5,4,1,0,6,4,0,0,161,11,0,2022-07-04T09:12:46,5801,96.68831666666667,1656915174.2082639,2022-07-04T09:12:54,5800152,96.6692,6555.880266044817
1656915179,358000,8524185,16,25,12,4,20,26,4,3,18,5,4,1,0,6,4,1,0,18,11,0,2022-07-04T09:12:59,5814,96.90596666666667,1656915188.867472,2022-07-04T09:13:08,5813212,96.88686666666668,6433.377866325289
1656915192,369000,8537195,16,31,4,3,21,4,4,3,21,18,4,3,10,6,4,3,21,134,11,0,2022-07-04T09:13:12,5827,97.12281666666667,1656915199.618048,2022-07-04T09:13:19,5826222,97.10369999999999,6309.246682787245
1656915205,331000,8550158,14,29,4,3,26,4,4,1,0,5,4,4,22,6,4,1,0,245,11,0,2022-07-04T09:13:25,5840,97.33885000000001,1656915213.738421,2022-07-04T09:13:33,5839185,97.31975000000001,6192.131304116681
1656915218,407000,8563234,19,27,4,3,43,30,4,3,42,31,4,4,41,7,4,3,38,100,11,0,2022-07-04T09:13:38,5853,97.55678333333334,1656915224.467053,2022-07-04T09:13:44,5852261,97.53768333333333,6072.213954678384
1656915230,347000,8575174,15,2,12,1,0,4,4,1,0,5,4,1,0,6,4,1,0,182,11,0,2022-07-04T09:13:50,5865,97.75578333333333,1656915238.657428,2022-07-04T09:13:58,5864201,97.73668333333333,5967.323329093696
1656915243,318000,8588145,16,2,12,1,0,4,4,1,0,5,4,1,0,6,4,1,0,41,11,0,2022-07-04T09:14:03,5878,97.97196666666667,1656915249.597301,2022-07-04T09:14:09,5877172,97.95286666666667,5855.000096258027
1656915254,341000,8599168,16,12,12,4,21,18,4,3,15,5,4,1,0,6,4,1,0,96,11,0,2022-07-04T09:14:14,5889,98.15568333333334,1656915263.8371968,2022-07-04T09:14:23,5888195,98.13658333333333,5759.092555652602
1656915266,342000,8611169,15,18,4,3,12,30,4,3,12,5,4,1,0,6,4,1,0,178,11,0,2022-07-04T09:14:26,5901,98.3557,1656915274.656956,2022-07-04T09:14:34,5900196,98.3366,5657.149383035728
1656915279,347000,8624175,16,31,4,3,18,4,4,1,0,5,4,1,0,6,4,1,0,34,11,0,2022-07-04T09:14:39,5914,98.57244999999999,1656915285.507297,2022-07-04T09:14:45,5913202,98.55336666666668,5543.342743949561
1656915291,348000,8636176,16,31,4,2,28,4,4,1,0,5,4,1,0,6,4,1,0,121,11,0,2022-07-04T09:14:51,5926,98.77246666666666,1656915300.008204,2022-07-04T09:15:00,5925203,98.75338333333335,5442.149440148299
1656915304,381000,8649209,20,8,0,3,43,14,4,3,41,12,12,3,40,10,4,3,37,231,11,0,2022-07-04T09:15:04,5939,98.98968333333333,1656915314.556905,2022-07-04T09:15:14,5938236,98.9706,5335.79321537341
1656915329,361000,8674189,16,12,12,3,30,20,12,3,21,5,4,4,28,6,4,1,0,170,11,0,2022-07-04T09:15:29,5964,99.40601666666666,1656915336.616344,2022-07-04T09:15:36,5963216,99.38693333333335,5129.061578387101
1656915366,341000,8711169,16,20,12,4,28,25,12,4,28,29,4,4,24,5,4,4,26,189,11,0,2022-07-04T09:16:06,6001,100.02235,1656915375.758229,2022-07-04T09:16:15,6000196,100.00326666666666,4822.076371122079
1656915400,353000,8745182,16,11,12,4,28,12,12,3,26,20,12,2,26,25,12,4,26,130,11,0,2022-07-04T09:16:40,6035,100.58921666666667,1656915410.186193,2022-07-04T09:16:50,6034209,100.57015,4497.454901334516
1656915413,386000,8758216,16,12,13,4,30,29,4,4,26,5,4,4,28,31,4,4,26,244,11,0,2022-07-04T09:16:53,6048,100.80643333333335,1656915420.4343128,2022-07-04T09:17:00,6047243,100.78738333333334,4413.51135186774
1656915425,401000,8770228,16,12,13,4,28,25,13,4,27,5,4,4,29,29,4,4,26,71,11,0,2022-07-04T09:17:05,6060,101.00668333333333,1656915434.336336,2022-07-04T09:17:14,6059255,100.98758333333333,4332.072192951922
1656915437,323000,8782151,14,28,16,4,42,4,4,4,42,20,12,4,41,12,13,4,29,156,11,0,2022-07-04T09:17:17,6072,101.20538333333334,1656915445.065985,2022-07-04T09:17:25,6071178,101.1863,4234.471195007157
1656915449,337000,8794164,14,8,0,5,31,20,12,4,31,5,4,4,30,25,12,5,30,233,11,0,2022-07-04T09:17:29,6084,101.40561666666667,1656915458.638713,2022-07-04T09:17:38,6083191,101.38651666666667,4136.268241070109
1656915461,325000,8806152,15,20,12,3,33,4,4,4,32,28,16,3,30,29,4,4,27,60,11,0,2022-07-04T09:17:41,6096,101.60541666666667,1656915469.7756839,2022-07-04T09:17:49,6095179,101.58631666666666,4038.4642021090267
1656915474,449000,8819276,14,2,12,4,30,4,4,4,30,8,0,4,30,20,12,4,30,178,11,0,2022-07-04T09:17:54,6109,101.82414999999999,1656915483.956449,2022-07-04T09:18:03,6108303,101.80505,3927.6157358465393
1656915487,378000,8832206,15,8,0,4,36,25,12,4,36,28,16,4,36,29,4,4,27,35,11,0,2022-07-04T09:18:07,6122,102.03963333333333,1656915494.638864,2022-07-04T09:18:14,6121233,102.02055,3814.1445258976482
1656915499,382000,8844209,16,25,12,5,35,4,4,4,34,20,12,4,34,28,16,4,34,114,11,0,2022-07-04T09:18:19,6134,102.2397,1656915505.377141,2022-07-04T09:18:25,6133236,102.2206,3724.803688376236
1656915511,372000,8856200,16,8,0,4,34,4,4,4,34,20,12,4,34,25,12,4,34,197,11,0,2022-07-04T09:18:31,6146,102.43953333333334,1656915518.367548,2022-07-04T09:18:38,6145227,102.42045,3638.7232344678505
1656915521,395000,8866222,16,20,12,4,34,25,12,4,34,28,16,4,34,31,4,4,27,227,11,0,2022-07-04T09:18:41,6156,102.60658333333335,1656915529.2655568,2022-07-04T09:18:49,6155249,102.58748333333332,3562.023343253423
1656915542,389000,8887217,16,29,4,4,28,31,4,4,25,5,4,4,20,6,4,4,20,50,11,0,2022-07-04T09:19:02,6177,102.95648333333334,1656915553.0378559,2022-07-04T09:19:13,6176244,102.9374,3397.3581055816385
1656915568,365000,8913213,14,2,13,4,30,11,13,4,29,20,13,4,27,25,13,4,26,20,11,0,2022-07-04T09:19:28,6203,103.38941666666666,1656915577.72608,2022-07-04T09:19:37,6202240,103.37066666666666,3154.4775732411085
1656915577,360000,8922209,13,2,13,4,30,11,13,4,29,5,4,4,26,20,13,4,26,21,11,0,2022-07-04T09:19:37,6212,103.53933333333333,1656915587.6549358,2022-07-04T09:19:47,6211236,103.5206,3083.8252198400473
1656915603,365000,8948214,17,2,12,3,27,11,12,3,27,12,12,4,24,29,4,4,24,238,11,0,2022-07-04T09:20:03,6238,103.97274999999999,1656915612.115216,2022-07-04T09:20:12,6237241,103.95401666666666,2880.5327790177444
1656915610,325000,8955174,16,28,16,3,34,25,12,4,25,5,4,4,26,26,4,3,21,181,11,0,2022-07-04T09:20:10,6245,104.08874999999999,1656915622.6962569,2022-07-04T09:20:22,6244201,104.07001666666666,2827.5560187565375
1656915629,395000,8974244,16,25,13,4,28,29,4,4,27,31,4,4,26,18,4,4,21,211,11,0,2022-07-04T09:20:29,6264,104.40658333333334,1656915636.8116,2022-07-04T09:20:36,6263271,104.38785,2682.820171528155
1656915637,372000,8982220,16,25,13,4,31,29,4,4,27,31,4,4,23,18,4,4,22,176,11,0,2022-07-04T09:20:37,6272,104.53953333333334,1656915647.266408,2022-07-04T09:20:47,6271247,104.52078333333334,2623.9886439770466
1656915652,326000,8997175,15,29,4,4,25,20,12,4,24,5,4,4,23,31,4,4,23,88,11,0,2022-07-04T09:20:52,6287,104.78876666666666,1656915661.225132,2022-07-04T09:21:01,6286202,104.77003333333333,2509.249880687867
1656915663,364000,9008213,16,28,16,3,27,29,4,4,26,31,4,4,23,6,4,4,22,147,11,0,2022-07-04T09:21:03,6298,104.97273333333332,1656915671.1548438,2022-07-04T09:21:11,6297240,104.954,2427.7253003790825
1656915675,313000,9020161,13,25,12,4,29,29,4,4,27,31,4,4,26,6,4,4,22,233,11,0,2022-07-04T09:21:15,6310,105.17188333333334,1656915685.614897,2022-07-04T09:21:25,6309188,105.15313333333333,2341.8397943381196
1656915684,359000,9029208,13,20,13,4,26,12,13,4,25,5,4,4,25,25,13,4,25,226,11,0,2022-07-04T09:21:24,6319,105.32265000000001,1656915695.935108,2022-07-04T09:21:35,6318235,105.30391666666667,2276.000682459958
1656915698,297000,9043146,13,25,12,4,29,29,4,4,27,5,4,4,26,31,4,4,26,109,11,0,2022-07-04T09:21:38,6333,105.55494999999999,1656915706.8061,2022-07-04T09:21:46,6332173,105.53621666666666,2184.809014631637
1656915723,346000,9068195,13,2,13,4,31,11,13,4,28,20,13,4,28,29,4,4,27,54,11,0,2022-07-04T09:22:03,6358,105.97243333333333,1656915731.425024,2022-07-04T09:22:11,6357222,105.9537,2024.5542803015487
1656915735,354000,9080204,14,25,13,4,27,29,4,4,27,5,4,4,29,31,4,4,24,133,11,0,2022-07-04T09:22:15,6370,106.17256666666667,1656915744.5746489,2022-07-04T09:22:24,6369231,106.15384999999999,1938.619020371433
1656915747,368000,9092217,16,20,13,4,28,25,13,4,27,5,4,4,29,29,4,4,27,216,11,0,2022-07-04T09:22:27,6382,106.37280000000001,1656915755.274608,2022-07-04T09:22:35,6381244,106.35406666666667,1856.9609194338354
1656915759,397000,9104246,16,12,13,4,30,25,13,4,29,26,4,4,28,29,4,4,28,47,11,0,2022-07-04T09:22:39,6394,106.57328333333334,1656915768.967556,2022-07-04T09:22:48,6393273,106.55455,1773.9125730450432
1656915772,393000,9117242,16,26,4,2,31,12,13,4,29,5,4,4,30,25,13,4,29,156,11,0,2022-07-04T09:22:52,6407,106.78988333333334,1656915779.7553768,2022-07-04T09:22:59,6406269,106.77115,1684.1647705484547
1656915795,345000,9140194,15,20,13,4,30,25,13,4,28,5,4,4,28,29,4,4,27,37,11,0,2022-07-04T09:23:15,6430,107.17241666666668,1656915804.235112,2022-07-04T09:23:24,6429221,107.15368333333332,1526.9424251984506
1656915807,309000,9152158,14,9,0,3,30,29,4,4,28,5,4,4,25,25,12,4,25,123,11,0,2022-07-04T09:23:27,6442,107.37181666666667,1656915814.2848768,2022-07-04T09:23:34,6441185,107.35308333333334,1444.895335357432
1656915826,384000,9171233,16,25,13,4,29,29,4,4,27,5,4,4,28,31,4,4,26,147,11,0,2022-07-04T09:23:46,6461,107.68973333333334,1656915838.7571728,2022-07-04T09:23:58,6460260,107.671,1304.5943752643611
1656915842,336000,9187186,15,25,13,4,30,29,4,4,29,5,4,4,31,31,4,4,28,87,11,0,2022-07-04T09:24:02,6477,107.9556,1656915852.5547838,2022-07-04T09:24:12,6476213,107.93688333333333,1194.1758389936995
1656915855,379000,9200229,15,2,13,4,30,20,13,4,29,25,13,4,26,29,4,4,26,203,11,0,2022-07-04T09:24:15,6490,108.17298333333333,1656915863.035801,2022-07-04T09:24:23,6489256,108.15426666666667,1100.3928386309772
1656915867,393000,9212243,16,20,13,4,34,29,4,4,31,5,4,4,30,18,4,4,27,25,11,0,2022-07-04T09:24:27,6502,108.37321666666666,1656915873.767428,2022-07-04T09:24:33,6501270,108.3545,1016.0580761817499
